0 0.00029351
0 0.00055651
0 0.00055706
0 0.0005648
0 0.00067646
0 0.00081944
0 0.00088042
0 0.00088244
0 0.00088421
0 0.0010441
0 0.48894
0 0.50873
0 8.2118
0 18.444
0 18.62
0 29.029
0 30.758
0 32.738
0 46.495
0 62.204
1.9485e-07 62.204
2.7305e-07 62.204
3.2379e-07 62.204
4.0912e-07 62.235
7.9691e-07 63.295
5.5353e-06 63.295
2.1282e-05 63.295
2.6771e-05 63.295
3.2185e-05 63.295
8.7851e-05 76.177
0.00011282 76.177
0.00011818 76.177
0.00015314 76.177
0.00015664 76.177
0.0001983 76.177
0.00020221 76.177
0.00020253 76.177
0.00020866 76.177
0.00021329 76.177
0.00022683 76.177
0.00024236 76.177
0.00026263 76.177
0.00026313 76.179
0.00027544 76.7
0.00030277 76.7
0.00030736 76.7
0.00031432 76.7
0.00033171 76.7
0.00033487 76.7
0.00034141 76.7
0.00035202 76.7
0.00036541 76.7
0.00038059 76.7
0.00038731 76.7
0.00039746 76.7
0.000409 76.7
0.00041262 76.7
0.0004399 76.7
0.00044141 76.7
0.00048734 76.7
0.00055825 76.7
0.00057168 76.7
0.0005768 76.7
0.00058893 76.7
0.00059845 76.7
0.00064622 76.7
0.00065127 76.798
0.00073872 76.798
0.00073934 76.798
0.00079857 76.798
0.00081162 76.798
0.00081177 76.804
0.00092325 76.804
0.00096373 76.804
0.0010051 76.804
0.0010199 76.811
0.0010245 76.811
0.0010501 76.813
0.0011965 77.571
0.001218 77.571
0.0012975 99.641
0.0013802 99.641
0.0013837 99.644
0.001397 99.644
0.0014045 99.659
0.0014131 99.659
0.0014355 99.659
0.0014599 99.659
0.0014766 99.66
0.0015055 99.66
0.001514 99.703
0.001595 99.703
0.0016136 99.703
0.0016518 99.705
0.0017607 99.705
0.0017835 99.706
0.0018131 99.706
0.001826 99.706
0.0018636 99.706
0.0019311 99.706
0.0020063 99.706
0.0020189 99.706
0.0020395 99.706
0.0020899 99.788
0.002133 99.788
0.0021936 99.788
0.002201 99.788
0.002217 99.788
0.0022198 99.788
0.0022592 99.788
0.0022858 100
0.0023187 NaN
0.002379 NaN
0.0025015 NaN
0.0025207 NaN
0.0025543 NaN
0.0025614 NaN
0.0025879 NaN
0.0026129 NaN
0.0026245 NaN
0.0026674 NaN
0.0027163 NaN
0.0027463 NaN
0.0027465 NaN
0.0028001 NaN
0.0028943 NaN
0.0028992 NaN
0.0029289 NaN
0.0031067 NaN
0.0031598 NaN
0.0036334 NaN
0.0039064 NaN
0.0039947 NaN
0.004004 NaN
0.0041485 NaN
0.0041964 NaN
0.0043203 NaN
0.0043226 NaN
0.004452 NaN
0.004478 NaN
0.0045426 NaN
0.0046564 NaN
0.0047261 NaN
0.0047883 NaN
0.0048298 NaN
0.0048684 NaN
0.0049175 NaN
0.004925 NaN
0.0049753 NaN
0.0050217 NaN
0.0050723 NaN
0.0050892 NaN
0.0050898 NaN
0.0051147 NaN
0.0052481 NaN
0.0052687 NaN
0.0052854 NaN
0.0053631 NaN
0.0054189 NaN
0.0055515 NaN
0.0056508 NaN
0.0056718 NaN
0.0056755 NaN
0.0056837 NaN
0.0057152 NaN
0.0057711 NaN
0.005784 NaN
0.00591 NaN
0.0060742 NaN
0.0061817 NaN
0.0062289 NaN
0.0062594 NaN
0.0062952 NaN
0.0064682 NaN
0.0065285 NaN
0.0065398 NaN
0.0065602 NaN
0.0065874 NaN
0.0066044 NaN
0.0066514 NaN
0.0066719 NaN
0.0067454 NaN
0.0068559 NaN
0.0069576 NaN
0.0070158 NaN
0.0071303 NaN
0.0071606 NaN
0.0071782 NaN
0.007259 NaN
0.0073999 NaN
0.0074064 NaN
0.0074313 NaN
0.007544 NaN
0.0075451 NaN
0.0075996 NaN
0.0076035 NaN
0.0076165 NaN
0.0077764 NaN
0.0078063 NaN
0.0081236 NaN
0.008146 NaN
0.0082772 NaN
0.0083378 NaN
0.0086243 NaN
0.0087815 NaN
0.0087933 NaN
0.0090262 NaN
0.00908 NaN
0.0092605 NaN
0.0092718 NaN
0.0095258 NaN
0.0095458 NaN
0.0096135 NaN
0.0099847 NaN
0.010151 NaN
0.010322 NaN
0.010787 NaN
0.010802 NaN
0.011173 NaN
0.011212 NaN
0.011226 NaN
0.011339 NaN
0.01139 NaN
0.011424 NaN
0.011533 NaN
0.011651 NaN
0.011806 NaN
0.011954 NaN
0.012084 NaN
0.012115 NaN
0.012119 NaN
0.012144 NaN
0.012233 NaN
0.012271 NaN
0.012363 NaN
0.012561 NaN
0.012733 NaN
0.012755 NaN
0.01316 NaN
0.013242 NaN
0.013515 NaN
0.013544 NaN
0.013579 NaN
0.013596 NaN
0.01362 NaN
0.013769 NaN
0.013839 NaN
0.01387 NaN
0.013877 NaN
0.014009 NaN
0.014089 NaN
0.014222 NaN
0.014633 NaN
0.014675 NaN
0.014863 NaN
0.014996 NaN
0.015356 NaN
0.015462 NaN
0.015533 NaN
0.015596 NaN
0.015854 NaN
0.016156 NaN
0.016202 NaN
0.016221 NaN
0.016297 NaN
0.016309 NaN
0.016526 NaN
0.016587 NaN
0.016745 NaN
0.016775 NaN
0.017043 NaN
0.017262 NaN
0.017298 NaN
0.017741 NaN
0.017781 NaN
0.017903 NaN
0.017942 NaN
0.017972 NaN
0.018214 NaN
0.018226 NaN
0.018315 NaN
0.018539 NaN
0.01854 NaN
0.018704 NaN
0.018761 NaN
0.018851 NaN
0.018887 NaN
0.018906 NaN
0.019059 NaN
0.019267 NaN
0.019456 NaN
0.019518 NaN
0.019813 NaN
0.020466 NaN
0.020783 NaN
0.020829 NaN
0.020933 NaN
0.021021 NaN
0.021048 NaN
0.021105 NaN
0.021339 NaN
0.02141 NaN
0.021563 NaN
0.022033 NaN
0.022089 NaN
0.022129 NaN
0.022175 NaN
0.022203 NaN
0.022348 NaN
0.022502 NaN
0.022508 NaN
0.022534 NaN
0.023133 NaN
0.023289 NaN
0.023342 NaN
0.023751 NaN
0.024612 NaN
0.024681 NaN
0.024691 NaN
0.02473 NaN
0.025024 NaN
0.025075 NaN
0.025215 NaN
0.025471 NaN
0.02557 NaN
0.025957 NaN
0.02596 NaN
0.026039 NaN
0.026799 NaN
0.026889 NaN
0.027136 NaN
0.027157 NaN
0.027179 NaN
0.027267 NaN
0.027563 NaN
0.027572 NaN
0.028096 NaN
0.028167 NaN
0.028547 NaN
0.028562 NaN
0.028706 NaN
0.029546 NaN
0.029855 NaN
0.02986 NaN
0.0304 NaN
0.030436 NaN
0.030473 NaN
0.030515 NaN
0.030597 NaN
0.030935 NaN
0.031237 NaN
0.031251 NaN
0.031305 NaN
0.031336 NaN
0.031559 NaN
0.031757 NaN
0.032397 NaN
0.032528 NaN
0.032608 NaN
0.032713 NaN
0.032816 NaN
0.033271 NaN
0.033682 NaN
0.033916 NaN
0.034247 NaN
0.034328 NaN
0.03521 NaN
0.035502 NaN
0.035584 NaN
0.035798 NaN
0.035986 NaN
0.036073 NaN
0.036566 NaN
0.036872 NaN
0.036887 NaN
0.036917 NaN
0.03728 NaN
0.037457 NaN
0.037465 NaN
0.037928 NaN
0.038366 NaN
0.038592 NaN
0.038777 NaN
0.039088 NaN
0.039246 NaN
0.039248 NaN
0.039402 NaN
0.039423 NaN
0.039551 NaN
0.039639 NaN
0.039773 NaN
0.039869 NaN
0.039997 NaN
0.040219 NaN
0.040253 NaN
0.040704 NaN
0.04102 NaN
0.041352 NaN
0.041446 NaN
0.04154 NaN
0.041682 NaN
0.041845 NaN
0.042074 NaN
0.042738 NaN
0.042843 NaN
0.04313 NaN
0.043215 NaN
0.043434 NaN
0.043498 NaN
0.043662 NaN
0.044106 NaN
0.044585 NaN
0.045547 NaN
0.046064 NaN
0.046221 NaN
0.0466 NaN
0.047073 NaN
0.047677 NaN
0.048212 NaN
0.048296 NaN
0.048628 NaN
0.048932 NaN
0.049097 NaN
0.049158 NaN
0.04923 NaN
0.049389 NaN
0.05008 NaN
0.050472 NaN
0.050637 NaN
0.050663 NaN
0.050829 NaN
0.050964 NaN
0.051194 NaN
0.051475 NaN
0.051735 NaN
0.051864 NaN
0.052405 NaN
0.05255 NaN
0.052948 NaN
0.053006 NaN
0.05302 NaN
0.053091 NaN
0.053197 NaN
0.053466 NaN
0.053489 NaN
0.054036 NaN
0.054438 NaN
0.054708 NaN
0.054709 NaN
0.054905 NaN
0.055328 NaN
0.056055 NaN
0.056254 NaN
0.056335 NaN
0.056453 NaN
0.05683 NaN
0.058087 NaN
0.058176 NaN
0.058926 NaN
0.05902 NaN
0.059055 NaN
0.05908 NaN
0.059131 NaN
0.059555 NaN
0.060116 NaN
0.060204 NaN
0.060298 NaN
0.060851 NaN
0.060932 NaN
0.060986 NaN
0.061193 NaN
0.061344 NaN
0.06142 NaN
0.061618 NaN
0.061999 NaN
0.062976 NaN
0.063102 NaN
0.063425 NaN
0.063646 NaN
0.063972 NaN
0.064034 NaN
0.064952 NaN
0.065057 NaN
0.065371 NaN
0.066497 NaN
0.067058 NaN
0.067143 NaN
0.06845 NaN
0.068508 NaN
0.068838 NaN
0.069821 NaN
0.070222 NaN
0.070957 NaN
0.071291 NaN
0.071369 NaN
0.071484 NaN
0.071791 NaN
0.072643 NaN
0.073037 NaN
0.074922 NaN
0.07505 NaN
0.075104 NaN
0.075648 NaN
0.075762 NaN
0.076012 NaN
0.076129 NaN
0.076179 NaN
0.076401 NaN
0.078014 NaN
0.078869 NaN
0.079054 NaN
0.079975 NaN
0.080081 NaN
0.080497 NaN
0.081043 NaN
0.081449 NaN
0.082603 NaN
0.08361 NaN
0.083905 NaN
0.083984 NaN
0.084547 NaN
0.08459 NaN
0.084878 NaN
0.084941 NaN
0.085299 NaN
0.085408 NaN
0.085507 NaN
0.085535 NaN
0.086452 NaN
0.087075 NaN
0.087848 NaN
0.088032 NaN
0.088057 NaN
0.088636 NaN
0.088825 NaN
0.089337 NaN
0.089555 NaN
0.090148 NaN
0.09242 NaN
0.092635 NaN
0.093379 NaN
0.093543 NaN
0.09395 NaN
0.096045 NaN
0.096054 NaN
0.096269 NaN
0.096633 NaN
0.096782 NaN
0.097794 NaN
0.098681 NaN
0.099825 NaN
0.10039 NaN
0.10091 NaN
0.10104 NaN
0.10112 NaN
0.10155 NaN
0.10194 NaN
0.10201 NaN
0.10208 NaN
0.10234 NaN
0.10335 NaN
0.10357 NaN
0.10504 NaN
0.10528 NaN
0.10576 NaN
0.10625 NaN
0.10668 NaN
0.10794 NaN
0.10834 NaN
0.10899 NaN
0.10927 NaN
0.10937 NaN
0.11147 NaN
0.11168 NaN
0.1118 NaN
0.11207 NaN
0.11283 NaN
0.11516 NaN
0.11553 NaN
0.11556 NaN
0.11591 NaN
0.11704 NaN
0.11731 NaN
0.1179 NaN
0.11831 NaN
0.11931 NaN
0.11984 NaN
0.11997 NaN
0.1205 NaN
0.1219 NaN
0.12225 NaN
0.12292 NaN
0.12347 NaN
0.12394 NaN
0.12514 NaN
0.12623 NaN
0.12627 NaN
0.12674 NaN
0.12818 NaN
0.12877 NaN
0.12979 NaN
0.12997 NaN
0.13033 NaN
0.13073 NaN
0.13137 NaN
0.13165 NaN
0.13216 NaN
0.13315 NaN
0.1338 NaN
0.13496 NaN
0.13557 NaN
0.13605 NaN
0.13657 NaN
0.13707 NaN
0.13751 NaN
0.13757 NaN
0.138 NaN
0.13812 NaN
0.13822 NaN
0.13853 NaN
0.13879 NaN
0.13881 NaN
0.13924 NaN
0.13986 NaN
0.14007 NaN
0.14071 NaN
0.1415 NaN
0.14185 NaN
0.14224 NaN
0.14336 NaN
0.14381 NaN
0.14441 NaN
0.14457 NaN
0.14459 NaN
0.14479 NaN
0.14545 NaN
0.14595 NaN
0.14602 NaN
0.14613 NaN
0.14615 NaN
0.14733 NaN
0.14755 NaN
0.14765 NaN
0.14768 NaN
0.14777 NaN
0.14869 NaN
0.14872 NaN
0.14881 NaN
0.1494 NaN
0.15043 NaN
0.15168 NaN
0.1517 NaN
0.15175 NaN
0.15262 NaN
0.15337 NaN
0.15454 NaN
0.15491 NaN
0.15555 NaN
0.15556 NaN
0.15601 NaN
0.15682 NaN
0.15754 NaN
0.15829 NaN
0.15836 NaN
0.15845 NaN
0.15941 NaN
0.15973 NaN
0.16016 NaN
0.16186 NaN
0.16187 NaN
0.16203 NaN
0.16329 NaN
0.1633 NaN
0.16394 NaN
0.16435 NaN
0.16475 NaN
0.16579 NaN
0.16631 NaN
0.16741 NaN
0.16749 NaN
0.16869 NaN
0.16921 NaN
0.16967 NaN
0.17256 NaN
0.17334 NaN
0.17356 NaN
0.17461 NaN
0.17518 NaN
0.17581 NaN
0.17633 NaN
0.1765 NaN
0.17692 NaN
0.1772 NaN
0.17783 NaN
0.17903 NaN
0.17948 NaN
0.17992 NaN
0.18032 NaN
0.18232 NaN
0.18237 NaN
0.18299 NaN
0.1838 NaN
0.18609 NaN
0.18665 NaN
0.18875 NaN
0.18989 NaN
0.19026 NaN
0.1903 NaN
0.19034 NaN
0.19102 NaN
0.19156 NaN
0.19205 NaN
0.19221 NaN
0.1934 NaN
0.19414 NaN
0.1944 NaN
0.19609 NaN
0.19705 NaN
0.19773 NaN
0.19804 NaN
0.19805 NaN
0.19829 NaN
0.20043 NaN
0.20119 NaN
0.20126 NaN
0.20165 NaN
0.20176 NaN
0.20212 NaN
0.20232 NaN
0.20344 NaN
0.20359 NaN
0.20424 NaN
0.20494 NaN
0.20518 NaN
0.2054 NaN
0.20816 NaN
0.20913 NaN
0.20977 NaN
0.20979 NaN
0.21054 NaN
0.2118 NaN
0.21204 NaN
0.21263 NaN
0.21302 NaN
0.21305 NaN
0.21431 NaN
0.21451 NaN
0.21502 NaN
0.21595 NaN
0.2162 NaN
0.21917 NaN
0.22019 NaN
0.22043 NaN
0.22143 NaN
0.22166 NaN
0.22167 NaN
0.2218 NaN
0.22181 NaN
0.22296 NaN
0.22307 NaN
0.22398 NaN
0.22472 NaN
0.22511 NaN
0.22575 NaN
0.22606 NaN
0.22708 NaN
0.22738 NaN
0.2278 NaN
0.22947 NaN
0.23092 NaN
0.23148 NaN
0.23209 NaN
0.23227 NaN
0.23256 NaN
0.23263 NaN
0.23353 NaN
0.23372 NaN
0.23456 NaN
0.23462 NaN
0.23494 NaN
0.23563 NaN
0.23603 NaN
0.23757 NaN
0.2381 NaN
0.23814 NaN
0.23921 NaN
0.24069 NaN
0.24072 NaN
0.24169 NaN
0.24282 NaN
0.24462 NaN
0.2451 NaN
0.24529 NaN
0.24576 NaN
0.24593 NaN
0.24718 NaN
0.24825 NaN
0.24858 NaN
0.24903 NaN
0.24946 NaN
0.25045 NaN
0.25184 NaN
0.25273 NaN
0.25326 NaN
0.25337 NaN
0.25363 NaN
0.25396 NaN
0.25438 NaN
0.25682 NaN
0.25809 NaN
0.25825 NaN
0.2596 NaN
0.26005 NaN
0.26039 NaN
0.26052 NaN
0.26282 NaN
0.26313 NaN
0.2633 NaN
0.26332 NaN
0.26438 NaN
0.26442 NaN
0.26519 NaN
0.26593 NaN
0.26621 NaN
0.26668 NaN
0.26679 NaN
0.26714 NaN
0.26716 NaN
0.26862 NaN
0.27076 NaN
0.27183 NaN
0.27228 NaN
0.27246 NaN
0.27585 NaN
0.27631 NaN
0.27652 NaN
0.27667 NaN
0.27834 NaN
0.27939 NaN
0.28002 NaN
0.28071 NaN
0.28157 NaN
0.28247 NaN
0.28277 NaN
0.28279 NaN
0.28357 NaN
0.28386 NaN
0.28411 NaN
0.28461 NaN
0.28582 NaN
0.28642 NaN
0.28736 NaN
0.28868 NaN
0.28948 NaN
0.29024 NaN
0.29217 NaN
0.29357 NaN
0.29409 NaN
0.29596 NaN
0.29701 NaN
0.29738 NaN
0.29785 NaN
0.29809 NaN
0.2991 NaN
0.30104 NaN
0.30321 NaN
0.30406 NaN
0.30433 NaN
0.30449 NaN
0.30524 NaN
0.30645 NaN
0.30697 NaN
0.30728 NaN
0.30744 NaN
0.30803 NaN
0.30817 NaN
0.30886 NaN
0.30897 NaN
0.31109 NaN
0.31204 NaN
0.31333 NaN
0.31341 NaN
0.31397 NaN
0.31448 NaN
0.31549 NaN
0.31594 NaN
0.31613 NaN
0.31615 NaN
0.31709 NaN
0.31742 NaN
0.31754 NaN
0.31866 NaN
0.31894 NaN
0.31898 NaN
0.31983 NaN
0.31988 NaN
0.32141 NaN
0.32541 NaN
0.32667 NaN
0.32706 NaN
0.32772 NaN
0.32798 NaN
0.32851 NaN
0.32902 NaN
0.32982 NaN
0.33008 NaN
0.33059 NaN
0.33078 NaN
0.33137 NaN
0.33249 NaN
0.33321 NaN
0.33551 NaN
0.33563 NaN
0.33788 NaN
0.33863 NaN
0.33913 NaN
0.3392 NaN
0.34035 NaN
0.34059 NaN
0.34209 NaN
0.34275 NaN
0.34671 NaN
0.35052 NaN
0.3537 NaN
0.35416 NaN
0.35576 NaN
0.35707 NaN
0.35774 NaN
0.35803 NaN
0.3583 NaN
0.35934 NaN
0.36109 NaN
0.36201 NaN
0.36218 NaN
0.36291 NaN
0.36526 NaN
0.36526 NaN
0.36596 NaN
0.36645 NaN
0.36828 NaN
0.3683 NaN
0.36838 NaN
0.37264 NaN
0.37338 NaN
0.37382 NaN
0.37459 NaN
0.37576 NaN
0.37606 NaN
0.37741 NaN
0.37814 NaN
0.38081 NaN
0.3814 NaN
0.38141 NaN
0.38225 NaN
0.38236 NaN
0.38284 NaN
0.38422 NaN
0.38625 NaN
0.38796 NaN
0.38863 NaN
0.38913 NaN
0.38943 NaN
0.39003 NaN
0.39121 NaN
0.39189 NaN
0.39296 NaN
0.39471 NaN
0.39551 NaN
0.39553 NaN
0.39698 NaN
0.39711 NaN
0.39712 NaN
0.39712 NaN
0.39732 NaN
0.39754 NaN
0.39838 NaN
0.39971 NaN
0.40073 NaN
0.40136 NaN
0.40142 NaN
0.4025 NaN
0.40285 NaN
0.40319 NaN
0.40529 NaN
0.40735 NaN
0.40804 NaN
0.40898 NaN
0.40925 NaN
0.41063 NaN
0.41145 NaN
0.41244 NaN
0.41293 NaN
0.4136 NaN
0.41402 NaN
0.41405 NaN
0.41502 NaN
0.41591 NaN
0.4167 NaN
0.41792 NaN
0.41911 NaN
0.42039 NaN
0.42061 NaN
0.42167 NaN
0.42269 NaN
0.42276 NaN
0.42576 NaN
0.42617 NaN
0.42623 NaN
0.42887 NaN
0.43176 NaN
0.43187 NaN
0.43193 NaN
0.43295 NaN
0.4352 NaN
0.43577 NaN
0.43597 NaN
0.43631 NaN
0.43652 NaN
0.4369 NaN
0.43701 NaN
0.43786 NaN
0.4387 NaN
0.44587 NaN
0.44704 NaN
0.44729 NaN
0.44736 NaN
0.44762 NaN
0.44811 NaN
0.44832 NaN
0.4503 NaN
0.45153 NaN
0.45201 NaN
0.4535 NaN
0.45436 NaN
0.45436 NaN
0.45446 NaN
0.4545 NaN
0.45841 NaN
0.45858 NaN
0.45867 NaN
0.45891 NaN
0.46203 NaN
0.46262 NaN
0.46699 NaN
0.46896 NaN
0.47023 NaN
0.47177 NaN
0.47226 NaN
0.47234 NaN
0.47282 NaN
0.47366 NaN
0.47476 NaN
0.47583 NaN
0.47626 NaN
0.47707 NaN
0.47749 NaN
0.4785 NaN
0.47924 NaN
0.47986 NaN
0.48139 NaN
0.48204 NaN
0.48208 NaN
0.48302 NaN
0.4835 NaN
0.48642 NaN
0.48679 NaN
0.48681 NaN
0.4873 NaN
0.48806 NaN
0.48824 NaN
0.48839 NaN
0.48871 NaN
0.48918 NaN
0.48957 NaN
0.49026 NaN
0.49027 NaN
0.49282 NaN
0.49458 NaN
0.4953 NaN
0.49623 NaN
0.49658 NaN
0.49667 NaN
0.49669 NaN
0.49676 NaN
0.49728 NaN
0.49899 NaN
0.49975 NaN
0.50408 NaN
0.50437 NaN
0.5051 NaN
0.50584 NaN
0.50745 NaN
0.5097 NaN
0.51323 NaN
0.51425 NaN
0.51653 NaN
0.51673 NaN
0.51798 NaN
0.51905 NaN
0.51949 NaN
0.51972 NaN
0.51974 NaN
0.52038 NaN
0.52104 NaN
0.52105 NaN
0.52175 NaN
0.52263 NaN
0.52331 NaN
0.52362 NaN
0.5253 NaN
0.52579 NaN
0.52589 NaN
0.52591 NaN
0.52672 NaN
0.52674 NaN
0.52704 NaN
0.52798 NaN
0.53003 NaN
0.5304 NaN
0.53217 NaN
0.53256 NaN
0.53537 NaN
0.53742 NaN
0.5411 NaN
0.54122 NaN
0.542 NaN
0.54244 NaN
0.54345 NaN
0.54399 NaN
0.54463 NaN
0.54491 NaN
0.5455 NaN
0.54653 NaN
0.54669 NaN
0.54722 NaN
0.54733 NaN
0.54789 NaN
0.54928 NaN
0.55172 NaN
0.55247 NaN
0.55272 NaN
0.55329 NaN
0.5541 NaN
0.55413 NaN
0.55454 NaN
0.55542 NaN
0.55554 NaN
0.5559 NaN
0.56014 NaN
0.56015 NaN
0.56139 NaN
0.56171 NaN
0.5637 NaN
0.56394 NaN
0.56451 NaN
0.56576 NaN
0.56824 NaN
0.56897 NaN
0.57235 NaN
0.57358 NaN
0.57369 NaN
0.57642 NaN
0.57674 NaN
0.57708 NaN
0.57808 NaN
0.57918 NaN
0.58176 NaN
0.58233 NaN
0.58253 NaN
0.58349 NaN
0.58879 NaN
0.58921 NaN
0.59149 NaN
0.59356 NaN
0.59374 NaN
0.60034 NaN
0.60079 NaN
0.60145 NaN
0.60303 NaN
0.6046 NaN
0.60505 NaN
0.60539 NaN
0.60619 NaN
0.60788 NaN
0.61191 NaN
0.61225 NaN
0.61339 NaN
0.61355 NaN
0.61716 NaN
0.61914 NaN
0.62046 NaN
0.62195 NaN
0.62389 NaN
0.62759 NaN
0.62882 NaN
0.62953 NaN
0.62959 NaN
0.62976 NaN
0.63065 NaN
0.63072 NaN
0.63103 NaN
0.63144 NaN
0.63179 NaN
0.63197 NaN
0.63273 NaN
0.63448 NaN
0.63457 NaN
0.63666 NaN
0.63707 NaN
0.63863 NaN
0.64206 NaN
0.64455 NaN
0.64647 NaN
0.64688 NaN
0.65 NaN
0.65095 NaN
0.65129 NaN
0.65145 NaN
0.65541 NaN
0.65733 NaN
0.65742 NaN
0.65862 NaN
0.65908 NaN
0.66014 NaN
0.66163 NaN
0.66364 NaN
0.66614 NaN
0.66726 NaN
0.66778 NaN
0.66931 NaN
0.66964 NaN
0.6697 NaN
0.67141 NaN
0.6733 NaN
0.67593 NaN
0.678 NaN
0.68903 NaN
0.6892 NaN
0.69245 NaN
0.69547 NaN
0.70289 NaN
0.70295 NaN
0.7031 NaN
0.70662 NaN
0.708 NaN
0.71078 NaN
0.71475 NaN
0.71509 NaN
0.71652 NaN
0.71833 NaN
0.71888 NaN
0.71911 NaN
0.71953 NaN
0.71965 NaN
0.72181 NaN
0.72303 NaN
0.72308 NaN
0.72781 NaN
0.72807 NaN
0.72912 NaN
0.73134 NaN
0.73872 NaN
0.73886 NaN
0.73985 NaN
0.73998 NaN
0.74 NaN
0.74445 NaN
0.74474 NaN
0.74528 NaN
0.74656 NaN
0.74961 NaN
0.7502 NaN
0.75127 NaN
0.75375 NaN
0.75485 NaN
0.7561 NaN
0.76017 NaN
0.76204 NaN
0.76304 NaN
0.76389 NaN
0.76485 NaN
0.77004 NaN
0.77369 NaN
0.7806 NaN
0.78312 NaN
0.78689 NaN
0.79725 NaN
0.79738 NaN
0.79939 NaN
0.80372 NaN
0.80496 NaN
0.80531 NaN
0.80589 NaN
0.80595 NaN
0.81042 NaN
0.81989 NaN
0.82522 NaN
0.82752 NaN
0.82931 NaN
0.83174 NaN
0.83928 NaN
0.84176 NaN
0.84425 NaN
0.8463 NaN
0.84646 NaN
0.84855 NaN
0.84926 NaN
0.85084 NaN
0.8522 NaN
0.85372 NaN
0.8591 NaN
0.86255 NaN
0.86302 NaN
0.86842 NaN
0.86953 NaN
0.87175 NaN
0.87281 NaN
0.87366 NaN
0.87707 NaN
0.87821 NaN
0.8827 NaN
0.8829 NaN
0.88495 NaN
0.88515 NaN
0.8868 NaN
0.88938 NaN
0.88979 NaN
0.89153 NaN
0.89322 NaN
0.89451 NaN
0.89621 NaN
0.91292 NaN
0.91343 NaN
0.91504 NaN
0.91612 NaN
0.91632 NaN
0.91697 NaN
0.9222 NaN
0.92336 NaN
0.92497 NaN
0.92947 NaN
0.93347 NaN
0.93466 NaN
0.93639 NaN
0.93843 NaN
0.94014 NaN
0.94132 NaN
0.94576 NaN
0.95385 NaN
0.96105 NaN
0.96133 NaN
0.96448 NaN
0.96483 NaN
0.96717 NaN
0.97174 NaN
0.97184 NaN
0.97209 NaN
0.98076 NaN
0.98145 NaN
0.98329 NaN
0.98742 NaN
0.98811 NaN
0.99015 NaN
0.99273 NaN
1.0003 NaN
1.0009 NaN
1.0013 NaN
1.0035 NaN
1.0063 NaN
1.0092 NaN
1.0105 NaN
1.0167 NaN
1.0193 NaN
1.0242 NaN
1.0246 NaN
1.0303 NaN
1.0323 NaN
1.0381 NaN
1.0394 NaN
1.0447 NaN
1.0447 NaN
1.0469 NaN
1.0507 NaN
1.0517 NaN
1.0523 NaN
1.0546 NaN
1.056 NaN
1.0592 NaN
1.0595 NaN
1.063 NaN
1.0685 NaN
1.0688 NaN
1.0707 NaN
1.0715 NaN
1.0728 NaN
1.0756 NaN
1.077 NaN
1.0774 NaN
1.0798 NaN
1.0798 NaN
1.081 NaN
1.0894 NaN
1.0923 NaN
1.0939 NaN
1.0941 NaN
1.0956 NaN
1.0961 NaN
1.1012 NaN
1.102 NaN
1.1067 NaN
1.1095 NaN
1.1105 NaN
1.1121 NaN
1.1227 NaN
1.123 NaN
1.1277 NaN
1.1279 NaN
1.1306 NaN
1.1308 NaN
1.1319 NaN
1.1398 NaN
1.1405 NaN
1.1445 NaN
1.1494 NaN
1.1504 NaN
1.1534 NaN
1.1555 NaN
1.1567 NaN
1.1573 NaN
1.1669 NaN
1.1669 NaN
1.1712 NaN
1.1748 NaN
1.1766 NaN
1.1778 NaN
1.1782 NaN
1.1811 NaN
1.1842 NaN
1.1845 NaN
1.1849 NaN
1.1916 NaN
1.1935 NaN
1.1937 NaN
1.1984 NaN
1.1988 NaN
1.201 NaN
1.2013 NaN
1.2014 NaN
1.2028 NaN
1.2043 NaN
1.2074 NaN
1.2142 NaN
1.2169 NaN
1.2191 NaN
1.221 NaN
1.2233 NaN
1.229 NaN
1.2308 NaN
1.2314 NaN
1.2392 NaN
1.2504 NaN
1.2512 NaN
1.2543 NaN
1.2567 NaN
1.2591 NaN
1.2619 NaN
1.2654 NaN
1.2669 NaN
1.2729 NaN
1.2846 NaN
1.2852 NaN
1.2853 NaN
1.2871 NaN
1.292 NaN
1.3006 NaN
1.3017 NaN
1.3027 NaN
1.3089 NaN
1.3156 NaN
1.3162 NaN
1.3167 NaN
1.3224 NaN
1.3248 NaN
1.3362 NaN
1.3368 NaN
1.3376 NaN
1.3392 NaN
1.3444 NaN
1.3467 NaN
1.3525 NaN
1.355 NaN
1.3647 NaN
1.3689 NaN
1.3724 NaN
1.375 NaN
1.3753 NaN
1.3796 NaN
1.3866 NaN
1.3894 NaN
1.3898 NaN
1.399 NaN
1.3993 NaN
1.3995 NaN
1.4036 NaN
1.4043 NaN
1.4056 NaN
1.4097 NaN
1.4144 NaN
1.4154 NaN
1.4158 NaN
1.4233 NaN
1.4239 NaN
1.4341 NaN
1.443 NaN
1.4449 NaN
1.4457 NaN
1.4463 NaN
1.4469 NaN
1.4479 NaN
1.457 NaN
1.4738 NaN
1.4774 NaN
1.4789 NaN
1.4805 NaN
1.4819 NaN
1.4853 NaN
1.491 NaN
1.5048 NaN
1.5194 NaN
1.5206 NaN
1.523 NaN
1.5234 NaN
1.5342 NaN
1.5382 NaN
1.5408 NaN
1.5416 NaN
1.5437 NaN
1.5465 NaN
1.548 NaN
1.5541 NaN
1.5543 NaN
1.5653 NaN
1.566 NaN
1.5668 NaN
1.5699 NaN
1.5704 NaN
1.5735 NaN
1.5788 NaN
1.579 NaN
1.5822 NaN
1.5826 NaN
1.5867 NaN
1.5881 NaN
1.594 NaN
1.5959 NaN
1.5961 NaN
1.6129 NaN
1.6192 NaN
1.6203 NaN
1.6259 NaN
1.6371 NaN
1.6399 NaN
1.6401 NaN
1.6415 NaN
1.6433 NaN
1.644 NaN
1.6464 NaN
1.6524 NaN
1.6529 NaN
1.6568 NaN
1.6655 NaN
1.6704 NaN
1.6884 NaN
1.6887 NaN
1.6984 NaN
1.6995 NaN
1.706 NaN
1.7062 NaN
1.7078 NaN
1.7081 NaN
1.7122 NaN
1.7123 NaN
1.716 NaN
1.7166 NaN
1.7184 NaN
1.7207 NaN
1.7222 NaN
1.7295 NaN
1.7312 NaN
1.7328 NaN
1.7406 NaN
1.7499 NaN
1.757 NaN
1.7689 NaN
1.7693 NaN
1.7699 NaN
1.7799 NaN
1.7851 NaN
1.787 NaN
1.793 NaN
1.7991 NaN
1.8063 NaN
1.8072 NaN
1.8111 NaN
1.8121 NaN
1.8147 NaN
1.815 NaN
1.8192 NaN
1.8211 NaN
1.8269 NaN
1.8306 NaN
1.8315 NaN
1.8451 NaN
1.8461 NaN
1.8584 NaN
1.8622 NaN
1.8625 NaN
1.8628 NaN
1.8685 NaN
1.8704 NaN
1.8706 NaN
1.8738 NaN
1.8775 NaN
1.8776 NaN
1.8793 NaN
1.8817 NaN
1.8878 NaN
1.8899 NaN
1.892 NaN
1.8921 NaN
1.898 NaN
1.8996 NaN
1.9057 NaN
1.9158 NaN
1.9194 NaN
1.9222 NaN
1.923 NaN
1.9533 NaN
1.9578 NaN
1.9582 NaN
1.9601 NaN
1.9605 NaN
1.9606 NaN
1.9623 NaN
1.9633 NaN
1.9651 NaN
1.9681 NaN
1.9699 NaN
1.9773 NaN
1.9785 NaN
1.9786 NaN
1.98 NaN
1.983 NaN
1.9899 NaN
1.99 NaN
1.9947 NaN
2.0007 NaN
2.0042 NaN
2.0057 NaN
2.0082 NaN
2.009 NaN
2.0128 NaN
2.0523 NaN
2.0694 NaN
2.0719 NaN
2.0742 NaN
2.0758 NaN
2.0781 NaN
2.0787 NaN
2.0812 NaN
2.0828 NaN
2.0834 NaN
2.0844 NaN
2.0863 NaN
2.0875 NaN
2.0876 NaN
2.0884 NaN
2.0887 NaN
2.0905 NaN
2.0914 NaN
2.095 NaN
2.0975 NaN
2.1017 NaN
2.1034 NaN
2.1052 NaN
2.1087 NaN
2.1099 NaN
2.112 NaN
2.1151 NaN
2.1174 NaN
2.1224 NaN
2.1226 NaN
2.1237 NaN
2.125 NaN
2.1288 NaN
2.131 NaN
2.1328 NaN
2.1329 NaN
2.1358 NaN
2.1382 NaN
2.1383 NaN
2.1459 NaN
2.1626 NaN
2.1702 NaN
2.1704 NaN
2.1961 NaN
2.2005 NaN
2.2015 NaN
2.2026 NaN
2.2027 NaN
2.2082 NaN
2.2193 NaN
2.2277 NaN
2.2283 NaN
2.2317 NaN
2.2354 NaN
2.2369 NaN
2.2398 NaN
2.2442 NaN
2.2633 NaN
2.2697 NaN
2.2712 NaN
2.2727 NaN
2.2747 NaN
2.2777 NaN
2.2785 NaN
2.2851 NaN
2.2869 NaN
2.2902 NaN
2.2925 NaN
2.3001 NaN
2.301 NaN
2.3017 NaN
2.3043 NaN
2.316 NaN
2.3213 NaN
2.3319 NaN
2.3392 NaN
2.344 NaN
2.3495 NaN
2.3563 NaN
2.3579 NaN
2.3892 NaN
2.3897 NaN
2.3906 NaN
2.3928 NaN
2.4003 NaN
2.4015 NaN
2.4108 NaN
2.4115 NaN
2.4139 NaN
2.4229 NaN
2.4543 NaN
2.4572 NaN
2.4576 NaN
2.4671 NaN
2.4725 NaN
2.4835 NaN
2.4903 NaN
2.503 NaN
2.5144 NaN
2.5188 NaN
2.5205 NaN
2.5269 NaN
2.532 NaN
2.5444 NaN
2.5628 NaN
2.5647 NaN
2.5738 NaN
2.5817 NaN
2.592 NaN
2.5967 NaN
2.601 NaN
2.6045 NaN
2.6092 NaN
2.613 NaN
2.6139 NaN
2.6268 NaN
2.652 NaN
2.6562 NaN
2.6642 NaN
2.6653 NaN
2.6654 NaN
2.6657 NaN
2.6699 NaN
2.6718 NaN
2.675 NaN
2.6751 NaN
2.6821 NaN
2.6872 NaN
2.6878 NaN
2.6921 NaN
2.7082 NaN
2.7107 NaN
2.7139 NaN
2.7197 NaN
2.7198 NaN
2.7217 NaN
2.7293 NaN
2.731 NaN
2.7341 NaN
2.7383 NaN
2.743 NaN
2.7467 NaN
2.7522 NaN
2.7542 NaN
2.7716 NaN
2.7853 NaN
2.7871 NaN
2.7913 NaN
2.7933 NaN
2.7992 NaN
2.8025 NaN
2.8049 NaN
2.8211 NaN
2.8278 NaN
2.8296 NaN
2.8321 NaN
2.8377 NaN
2.8397 NaN
2.8466 NaN
2.8488 NaN
2.859 NaN
2.8624 NaN
2.8666 NaN
2.8676 NaN
2.8916 NaN
2.8937 NaN
2.8955 NaN
2.8974 NaN
2.9048 NaN
2.9057 NaN
2.9081 NaN
2.9198 NaN
2.9292 NaN
2.9372 NaN
2.9387 NaN
2.9398 NaN
2.9481 NaN
2.949 NaN
2.9512 NaN
2.9524 NaN
2.9551 NaN
2.96 NaN
2.969 NaN
2.9717 NaN
2.9747 NaN
2.9783 NaN
2.9976 NaN
3.0003 NaN
3.0038 NaN
3.0065 NaN
3.0065 NaN
3.0086 NaN
3.0179 NaN
3.0204 NaN
3.0247 NaN
3.0296 NaN
3.0381 NaN
3.0381 NaN
3.0402 NaN
3.0419 NaN
3.0424 NaN
3.0527 NaN
3.0566 NaN
3.0572 NaN
3.0732 NaN
3.0825 NaN
3.0839 NaN
3.0865 NaN
3.089 NaN
3.0923 NaN
3.0934 NaN
3.1039 NaN
3.1073 NaN
3.1175 NaN
3.1208 NaN
3.1256 NaN
3.1283 NaN
3.1406 NaN
3.1419 NaN
3.1608 NaN
3.162 NaN
3.1659 NaN
3.171 NaN
3.1812 NaN
3.1814 NaN
3.1897 NaN
3.1908 NaN
3.1941 NaN
3.1951 NaN
3.1974 NaN
3.2001 NaN
3.2044 NaN
3.205 NaN
3.2058 NaN
3.2061 NaN
3.2216 NaN
3.2259 NaN
3.2383 NaN
3.2411 NaN
3.2535 NaN
3.2786 NaN
3.281 NaN
3.2823 NaN
3.2918 NaN
3.2961 NaN
3.3022 NaN
3.3043 NaN
3.3051 NaN
3.3061 NaN
3.307 NaN
3.3149 NaN
3.3181 NaN
3.3234 NaN
3.3246 NaN
3.3264 NaN
3.3346 NaN
3.3359 NaN
3.3361 NaN
3.3434 NaN
3.3449 NaN
3.3502 NaN
3.3505 NaN
3.3521 NaN
3.357 NaN
3.3575 NaN
3.374 NaN
3.3757 NaN
3.377 NaN
3.3772 NaN
3.3835 NaN
3.4078 NaN
3.4103 NaN
3.4143 NaN
3.4171 NaN
3.4203 NaN
3.4244 NaN
3.4285 NaN
3.4383 NaN
3.4473 NaN
3.4512 NaN
3.452 NaN
3.4656 NaN
3.4697 NaN
3.4709 NaN
3.474 NaN
3.4818 NaN
3.4853 NaN
3.488 NaN
3.5045 NaN
3.5109 NaN
3.513 NaN
3.5142 NaN
3.5176 NaN
3.5226 NaN
3.5269 NaN
3.5385 NaN
3.5438 NaN
3.5466 NaN
3.5592 NaN
3.5666 NaN
3.5677 NaN
3.575 NaN
3.5775 NaN
3.5822 NaN
3.5858 NaN
3.5961 NaN
3.6173 NaN
3.628 NaN
3.6297 NaN
3.6308 NaN
3.6313 NaN
3.6334 NaN
3.6421 NaN
3.6558 NaN
3.6599 NaN
3.6704 NaN
3.6716 NaN
3.6821 NaN
3.6922 NaN
3.6983 NaN
3.7056 NaN
3.7059 NaN
3.7128 NaN
3.7139 NaN
3.7162 NaN
3.7214 NaN
3.7225 NaN
3.7304 NaN
3.7317 NaN
3.742 NaN
3.7475 NaN
3.7477 NaN
3.7496 NaN
3.7527 NaN
3.7683 NaN
3.77 NaN
3.7715 NaN
3.7734 NaN
3.7774 NaN
3.7779 NaN
3.7864 NaN
3.7921 NaN
3.8003 NaN
3.8053 NaN
3.8104 NaN
3.8146 NaN
3.8151 NaN
3.8199 NaN
3.8219 NaN
3.8235 NaN
3.829 NaN
3.8388 NaN
3.8406 NaN
3.8443 NaN
3.8736 NaN
3.8737 NaN
3.9069 NaN
3.9215 NaN
3.9254 NaN
3.9355 NaN
3.9452 NaN
3.9488 NaN
3.9656 NaN
3.9851 NaN
3.9884 NaN
3.9892 NaN
4.0044 NaN
4.0073 NaN
4.0186 NaN
4.0208 NaN
4.0282 NaN
4.0359 NaN
4.0396 NaN
4.041 NaN
4.0472 NaN
4.0481 NaN
4.0552 NaN
4.0644 NaN
4.0721 NaN
4.0777 NaN
4.0804 NaN
4.0882 NaN
4.1013 NaN
4.1067 NaN
4.1088 NaN
4.1207 NaN
4.1212 NaN
4.1316 NaN
4.1329 NaN
4.1416 NaN
4.1485 NaN
4.154 NaN
4.1644 NaN
4.1662 NaN
4.1663 NaN
4.1769 NaN
4.179 NaN
4.1984 NaN
4.2028 NaN
4.204 NaN
4.2158 NaN
4.2179 NaN
4.2248 NaN
4.2251 NaN
4.2289 NaN
4.2299 NaN
4.2355 NaN
4.2524 NaN
4.2532 NaN
4.275 NaN
4.3045 NaN
4.3047 NaN
4.3067 NaN
4.3233 NaN
4.3413 NaN
4.3459 NaN
4.3477 NaN
4.3535 NaN
4.3572 NaN
4.3608 NaN
4.3661 NaN
4.3671 NaN
4.3689 NaN
4.3743 NaN
4.3762 NaN
4.3908 NaN
4.3995 NaN
4.4041 NaN
4.4136 NaN
4.436 NaN
4.445 NaN
4.4536 NaN
4.4558 NaN
4.4575 NaN
4.4607 NaN
4.465 NaN
4.4773 NaN
4.4861 NaN
4.4932 NaN
4.4943 NaN
4.495 NaN
4.5002 NaN
4.5004 NaN
4.5166 NaN
4.5167 NaN
4.5365 NaN
4.5399 NaN
4.543 NaN
4.5615 NaN
4.562 NaN
4.5643 NaN
4.5743 NaN
4.5755 NaN
4.5814 NaN
4.585 NaN
4.5983 NaN
4.6065 NaN
4.6127 NaN
4.615 NaN
4.6276 NaN
4.6298 NaN
4.636 NaN
4.638 NaN
4.648 NaN
4.6668 NaN
4.6853 NaN
4.6909 NaN
4.6915 NaN
4.693 NaN
4.6995 NaN
4.7106 NaN
4.7279 NaN
4.7452 NaN
4.7724 NaN
4.7767 NaN
4.7925 NaN
4.8019 NaN
4.8139 NaN
4.8179 NaN
4.8226 NaN
4.8243 NaN
4.8251 NaN
4.8346 NaN
4.837 NaN
4.8379 NaN
4.8475 NaN
4.8581 NaN
4.8716 NaN
4.8736 NaN
4.8746 NaN
4.8777 NaN
4.8796 NaN
4.881 NaN
4.8831 NaN
4.8866 NaN
4.8873 NaN
4.8971 NaN
4.8991 NaN
4.9036 NaN
4.9041 NaN
4.9092 NaN
4.9214 NaN
4.9331 NaN
4.935 NaN
4.9413 NaN
4.9454 NaN
4.9553 NaN
4.9553 NaN
4.9554 NaN
4.9596 NaN
4.9597 NaN
4.9641 NaN
4.9722 NaN
4.9796 NaN
4.9868 NaN
4.9904 NaN
5.0109 NaN
5.0274 NaN
5.0278 NaN
5.0293 NaN
5.0358 NaN
5.0388 NaN
5.0477 NaN
5.06 NaN
5.0637 NaN
5.0669 NaN
5.0839 NaN
5.0912 NaN
5.1023 NaN
5.127 NaN
5.1365 NaN
5.1405 NaN
5.142 NaN
5.15 NaN
5.1594 NaN
5.1603 NaN
5.1687 NaN
5.1744 NaN
5.1806 NaN
5.2119 NaN
5.2182 NaN
5.2215 NaN
5.2327 NaN
5.2573 NaN
5.269 NaN
5.2694 NaN
5.2805 NaN
5.2834 NaN
5.2917 NaN
5.3006 NaN
5.309 NaN
5.3129 NaN
5.3252 NaN
5.3298 NaN
5.3314 NaN
5.3395 NaN
5.3442 NaN
5.3452 NaN
5.3459 NaN
5.3566 NaN
5.363 NaN
5.3641 NaN
5.3653 NaN
5.3761 NaN
5.3799 NaN
5.3828 NaN
5.3835 NaN
5.3835 NaN
5.3894 NaN
5.3895 NaN
5.391 NaN
5.3996 NaN
5.4182 NaN
5.4479 NaN
5.4519 NaN
5.4569 NaN
5.4607 NaN
5.4697 NaN
5.4846 NaN
5.4964 NaN
5.5112 NaN
5.5116 NaN
5.515 NaN
5.5274 NaN
5.5349 NaN
5.5465 NaN
5.554 NaN
5.5541 NaN
5.5584 NaN
5.5608 NaN
5.5687 NaN
5.5732 NaN
5.5739 NaN
5.6136 NaN
5.6149 NaN
5.6161 NaN
5.6234 NaN
5.6238 NaN
5.6273 NaN
5.6357 NaN
5.6505 NaN
5.6618 NaN
5.6621 NaN
5.6645 NaN
5.6718 NaN
5.7031 NaN
5.7095 NaN
5.7142 NaN
5.7195 NaN
5.7224 NaN
5.7296 NaN
5.7363 NaN
5.7449 NaN
5.7516 NaN
5.759 NaN
5.769 NaN
5.7711 NaN
5.7747 NaN
5.7863 NaN
5.7898 NaN
5.7917 NaN
5.805 NaN
5.8075 NaN
5.8101 NaN
5.8105 NaN
5.8115 NaN
5.8157 NaN
5.8253 NaN
5.8324 NaN
5.8331 NaN
5.8362 NaN
5.8477 NaN
5.8558 NaN
5.8589 NaN
5.8602 NaN
5.8652 NaN
5.8682 NaN
5.8809 NaN
5.889 NaN
5.8961 NaN
5.8966 NaN
5.8979 NaN
5.9161 NaN
5.9251 NaN
5.9446 NaN
5.9592 NaN
5.9728 NaN
5.9736 NaN
5.9753 NaN
5.9807 NaN
5.988 NaN
5.9939 NaN
6.0046 NaN
6.0054 NaN
6.0055 NaN
6.0064 NaN
6.0157 NaN
6.0234 NaN
6.025 NaN
6.0526 NaN
6.064 NaN
6.0709 NaN
6.0792 NaN
6.0831 NaN
6.0964 NaN
6.0972 NaN
6.0987 NaN
6.1061 NaN
6.1065 NaN
6.1173 NaN
6.133 NaN
6.1375 NaN
6.1421 NaN
6.15 NaN
6.189 NaN
6.2034 NaN
6.2035 NaN
6.2107 NaN
6.2171 NaN
6.2295 NaN
6.2332 NaN
6.235 NaN
6.2373 NaN
6.2408 NaN
6.2413 NaN
6.2421 NaN
6.2434 NaN
6.2435 NaN
6.252 NaN
6.2662 NaN
6.2754 NaN
6.2884 NaN
6.2922 NaN
6.3063 NaN
6.3185 NaN
6.3267 NaN
6.329 NaN
6.3381 NaN
6.339 NaN
6.3391 NaN
6.3393 NaN
6.3747 NaN
6.3772 NaN
6.3883 NaN
6.3967 NaN
6.4084 NaN
6.4213 NaN
6.4229 NaN
6.4232 NaN
6.4398 NaN
6.4409 NaN
6.4494 NaN
6.4587 NaN
6.4614 NaN
6.4654 NaN
6.4674 NaN
6.4708 NaN
6.4878 NaN
6.4882 NaN
6.4886 NaN
6.489 NaN
6.4981 NaN
6.5062 NaN
6.5069 NaN
6.5329 NaN
6.5414 NaN
6.5418 NaN
6.5431 NaN
6.5511 NaN
6.5552 NaN
6.5671 NaN
6.5835 NaN
6.594 NaN
6.595 NaN
6.604 NaN
6.604 NaN
6.6062 NaN
6.6316 NaN
6.6492 NaN
6.6507 NaN
6.6679 NaN
6.6798 NaN
6.6901 NaN
6.6919 NaN
6.6933 NaN
6.7317 NaN
6.7371 NaN
6.7383 NaN
6.7414 NaN
6.7496 NaN
6.76 NaN
6.768 NaN
6.7712 NaN
6.7719 NaN
6.7738 NaN
6.7761 NaN
6.778 NaN
6.7869 NaN
6.7928 NaN
6.807 NaN
6.8104 NaN
6.8175 NaN
6.8181 NaN
6.819 NaN
6.8211 NaN
6.8246 NaN
6.8257 NaN
6.8337 NaN
6.8437 NaN
6.8452 NaN
6.8543 NaN
6.8585 NaN
6.8632 NaN
6.8673 NaN
6.8715 NaN
6.8865 NaN
6.8925 NaN
6.895 NaN
6.8954 NaN
6.8965 NaN
6.9036 NaN
6.906 NaN
6.9259 NaN
6.926 NaN
6.9301 NaN
6.9387 NaN
6.9408 NaN
6.9519 NaN
6.9604 NaN
6.9612 NaN
6.9683 NaN
6.9748 NaN
6.978 NaN
6.9901 NaN
7.0085 NaN
7.0091 NaN
7.0273 NaN
7.0481 NaN
7.0617 NaN
7.062 NaN
7.0677 NaN
7.0699 NaN
7.0738 NaN
7.0739 NaN
7.0775 NaN
7.0908 NaN
7.0945 NaN
7.095 NaN
7.1039 NaN
7.1201 NaN
7.1405 NaN
7.1472 NaN
7.152 NaN
7.1538 NaN
7.1655 NaN
7.1728 NaN
7.1918 NaN
7.2025 NaN
7.2121 NaN
7.216 NaN
7.2319 NaN
7.2375 NaN
7.2422 NaN
7.2444 NaN
7.2612 NaN
7.2684 NaN
7.273 NaN
7.2761 NaN
7.2781 NaN
7.2787 NaN
7.283 NaN
7.2884 NaN
7.2965 NaN
7.3025 NaN
7.3221 NaN
7.3266 NaN
7.3294 NaN
7.3408 NaN
7.3408 NaN
7.3443 NaN
7.3463 NaN
7.3591 NaN
7.3684 NaN
7.3746 NaN
7.388 NaN
7.3923 NaN
7.3979 NaN
7.4016 NaN
7.4047 NaN
7.4058 NaN
7.4241 NaN
7.4385 NaN
7.4392 NaN
7.4398 NaN
7.454 NaN
7.4584 NaN
7.4596 NaN
7.4752 NaN
7.4789 NaN
7.4833 NaN
7.4928 NaN
7.5215 NaN
7.5292 NaN
7.5346 NaN
7.5415 NaN
7.5453 NaN
7.5614 NaN
7.5646 NaN
7.5678 NaN
7.5727 NaN
7.5745 NaN
7.5819 NaN
7.5961 NaN
7.6127 NaN
7.6172 NaN
7.623 NaN
7.6279 NaN
7.6319 NaN
7.6369 NaN
7.6511 NaN
7.658 NaN
7.661 NaN
7.6615 NaN
7.667 NaN
7.6686 NaN
7.7036 NaN
7.7056 NaN
7.7137 NaN
7.7167 NaN
7.7234 NaN
7.7376 NaN
7.7649 NaN
7.7788 NaN
7.8084 NaN
7.8146 NaN
7.8175 NaN
7.8254 NaN
7.8318 NaN
7.8459 NaN
7.8534 NaN
7.8545 NaN
7.8573 NaN
7.8685 NaN
7.8768 NaN
7.8815 NaN
7.8845 NaN
7.8969 NaN
7.9043 NaN
7.9224 NaN
7.9458 NaN
7.9535 NaN
7.9558 NaN
7.9559 NaN
7.9593 NaN
7.9808 NaN
7.9817 NaN
7.9919 NaN
8.0088 NaN
8.0299 NaN
8.0393 NaN
8.0423 NaN
8.0586 NaN
8.0586 NaN
8.0628 NaN
8.0631 NaN
8.0719 NaN
8.0814 NaN
8.0851 NaN
8.0854 NaN
8.0855 NaN
8.091 NaN
8.0989 NaN
8.1027 NaN
8.111 NaN
8.1114 NaN
8.1179 NaN
8.1232 NaN
8.1255 NaN
8.1436 NaN
8.1471 NaN
8.1735 NaN
8.1748 NaN
8.1786 NaN
8.179 NaN
8.1846 NaN
8.1891 NaN
8.1985 NaN
8.22 NaN
8.2468 NaN
8.2555 NaN
8.2705 NaN
8.2731 NaN
8.2743 NaN
8.2765 NaN
8.2861 NaN
8.2945 NaN
8.3 NaN
8.3093 NaN
8.3093 NaN
8.3202 NaN
8.3237 NaN
8.3292 NaN
8.3304 NaN
8.338 NaN
8.3405 NaN
8.3485 NaN
8.3545 NaN
8.3646 NaN
8.3787 NaN
8.3805 NaN
8.3823 NaN
8.3844 NaN
8.3854 NaN
8.388 NaN
8.3966 NaN
8.4078 NaN
8.4099 NaN
8.4127 NaN
8.4225 NaN
8.4229 NaN
8.4456 NaN
8.4602 NaN
8.4642 NaN
8.4809 NaN
8.4969 NaN
8.5001 NaN
8.5122 NaN
8.514 NaN
8.5174 NaN
8.5181 NaN
8.5238 NaN
8.5316 NaN
8.5575 NaN
8.559 NaN
8.5619 NaN
8.565 NaN
8.5741 NaN
8.583 NaN
8.5878 NaN
8.5973 NaN
8.6013 NaN
8.6105 NaN
8.6158 NaN
8.634 NaN
8.6534 NaN
8.6583 NaN
8.6591 NaN
8.6747 NaN
8.6762 NaN
8.6818 NaN
8.6897 NaN
8.6912 NaN
8.7303 NaN
8.7402 NaN
8.7439 NaN
8.7463 NaN
8.7577 NaN
8.7609 NaN
8.7626 NaN
8.7656 NaN
8.7826 NaN
8.7837 NaN
8.7953 NaN
8.8011 NaN
8.807 NaN
8.8267 NaN
8.8382 NaN
8.8386 NaN
8.8394 NaN
8.8435 NaN
8.8466 NaN
8.8502 NaN
8.8565 NaN
8.8677 NaN
8.8724 NaN
8.8748 NaN
8.8826 NaN
8.891 NaN
8.8925 NaN
8.8928 NaN
8.8939 NaN
8.8995 NaN
8.9034 NaN
8.9345 NaN
8.9368 NaN
8.9541 NaN
8.9769 NaN
8.983 NaN
8.9895 NaN
8.9907 NaN
9.0042 NaN
9.0125 NaN
9.0172 NaN
9.0285 NaN
9.029 NaN
9.0313 NaN
9.0381 NaN
9.0405 NaN
9.0451 NaN
9.0555 NaN
9.092 NaN
9.0979 NaN
9.1049 NaN
9.1169 NaN
9.1196 NaN
9.1245 NaN
9.1268 NaN
9.1271 NaN
9.1366 NaN
9.1432 NaN
9.1471 NaN
9.1485 NaN
9.1789 NaN
9.1809 NaN
9.1857 NaN
9.1987 NaN
9.2051 NaN
9.2066 NaN
9.2153 NaN
9.2248 NaN
9.2359 NaN
9.2365 NaN
9.2648 NaN
9.274 NaN
9.2848 NaN
9.292 NaN
9.293 NaN
9.2961 NaN
9.3112 NaN
9.3311 NaN
9.3369 NaN
9.3753 NaN
9.3772 NaN
9.3926 NaN
9.3978 NaN
9.405 NaN
9.4153 NaN
9.4207 NaN
9.4243 NaN
9.4523 NaN
9.4582 NaN
9.4695 NaN
9.4715 NaN
9.4727 NaN
9.514 NaN
9.5205 NaN
9.5274 NaN
9.542 NaN
9.5435 NaN
9.5437 NaN
9.5499 NaN
9.556 NaN
9.5618 NaN
9.5875 NaN
9.5993 NaN
9.6206 NaN
9.6356 NaN
9.6532 NaN
9.6701 NaN
9.6891 NaN
9.7024 NaN
9.7252 NaN
9.745 NaN
9.7529 NaN
9.7875 NaN
9.7985 NaN
9.802 NaN
9.8082 NaN
9.8086 NaN
9.8197 NaN
9.8281 NaN
9.8357 NaN
9.8455 NaN
9.8465 NaN
9.8625 NaN
9.8628 NaN
9.8728 NaN
9.882 NaN
9.8826 NaN
9.883 NaN
9.8887 NaN
9.8945 NaN
9.9052 NaN
9.9075 NaN
9.9079 NaN
9.9109 NaN
9.9208 NaN
9.9389 NaN
9.942 NaN
9.9421 NaN
9.9585 NaN
9.9971 NaN
10.004 NaN
10.005 NaN
10.018 NaN
10.027 NaN
10.056 NaN
10.069 NaN
10.076 NaN
10.079 NaN
10.087 NaN
10.099 NaN
10.102 NaN
10.131 NaN
10.147 NaN
10.15 NaN
10.157 NaN
10.164 NaN
10.168 NaN
10.172 NaN
10.183 NaN
10.198 NaN
10.201 NaN
10.217 NaN
10.229 NaN
10.244 NaN
10.26 NaN
10.264 NaN
10.265 NaN
10.266 NaN
10.272 NaN
10.296 NaN
10.306 NaN
10.307 NaN
10.311 NaN
10.313 NaN
10.317 NaN
10.319 NaN
10.32 NaN
10.324 NaN
10.328 NaN
10.343 NaN
10.366 NaN
10.378 NaN
10.379 NaN
10.382 NaN
10.384 NaN
10.384 NaN
10.412 NaN
10.425 NaN
10.427 NaN
10.456 NaN
10.462 NaN
10.477 NaN
10.477 NaN
10.489 NaN
10.491 NaN
10.492 NaN
10.521 NaN
10.526 NaN
10.54 NaN
10.541 NaN
10.548 NaN
10.548 NaN
10.554 NaN
10.561 NaN
10.561 NaN
10.562 NaN
10.566 NaN
10.569 NaN
10.588 NaN
10.602 NaN
10.604 NaN
10.606 NaN
10.609 NaN
10.614 NaN
10.628 NaN
10.634 NaN
10.646 NaN
10.655 NaN
10.678 NaN
10.681 NaN
10.686 NaN
10.688 NaN
10.697 NaN
10.706 NaN
10.709 NaN
10.723 NaN
10.729 NaN
10.732 NaN
10.756 NaN
10.757 NaN
10.76 NaN
10.768 NaN
10.778 NaN
10.786 NaN
10.786 NaN
10.794 NaN
10.796 NaN
10.798 NaN
10.835 NaN
10.836 NaN
10.837 NaN
10.856 NaN
10.864 NaN
10.869 NaN
10.871 NaN
10.885 NaN
10.885 NaN
10.89 NaN
10.942 NaN
10.956 NaN
10.957 NaN
10.97 NaN
10.976 NaN
10.986 NaN
10.988 NaN
11.009 NaN
11.019 NaN
11.02 NaN
11.031 NaN
11.031 NaN
11.047 NaN
11.054 NaN
11.061 NaN
11.087 NaN
11.089 NaN
11.091 NaN
11.093 NaN
11.098 NaN
11.129 NaN
11.13 NaN
11.132 NaN
11.138 NaN
11.14 NaN
11.142 NaN
11.147 NaN
11.151 NaN
11.163 NaN
11.197 NaN
11.199 NaN
11.2 NaN
11.205 NaN
11.205 NaN
11.209 NaN
11.231 NaN
11.234 NaN
11.247 NaN
11.247 NaN
11.256 NaN
11.265 NaN
11.283 NaN
11.292 NaN
11.336 NaN
11.356 NaN
11.377 NaN
11.394 NaN
11.408 NaN
11.413 NaN
11.418 NaN
11.42 NaN
11.423 NaN
11.424 NaN
11.441 NaN
11.446 NaN
11.455 NaN
11.505 NaN
11.525 NaN
11.548 NaN
11.551 NaN
11.552 NaN
11.572 NaN
11.584 NaN
11.588 NaN
11.592 NaN
11.611 NaN
11.613 NaN
11.629 NaN
11.647 NaN
11.66 NaN
11.667 NaN
11.675 NaN
11.682 NaN
11.739 NaN
11.751 NaN
11.755 NaN
11.781 NaN
11.784 NaN
11.794 NaN
11.797 NaN
11.797 NaN
11.809 NaN
11.811 NaN
11.84 NaN
11.846 NaN
11.858 NaN
11.862 NaN
11.864 NaN
11.871 NaN
11.879 NaN
11.911 NaN
11.912 NaN
11.922 NaN
11.96 NaN
11.969 NaN
11.972 NaN
11.978 NaN
11.978 NaN
11.981 NaN
11.985 NaN
12.001 NaN
12.01 NaN
12.024 NaN
12.058 NaN
12.071 NaN
12.089 NaN
12.092 NaN
12.102 NaN
12.104 NaN
12.123 NaN
12.13 NaN
12.151 NaN
12.158 NaN
12.189 NaN
12.193 NaN
12.206 NaN
12.212 NaN
12.23 NaN
12.236 NaN
12.241 NaN
12.308 NaN
12.312 NaN
12.327 NaN
12.338 NaN
12.349 NaN
12.35 NaN
12.359 NaN
12.374 NaN
12.388 NaN
12.393 NaN
12.395 NaN
12.401 NaN
12.407 NaN
12.412 NaN
12.415 NaN
12.417 NaN
12.456 NaN
12.458 NaN
12.517 NaN
12.539 NaN
12.589 NaN
12.62 NaN
12.623 NaN
12.629 NaN
12.637 NaN
12.638 NaN
12.662 NaN
12.682 NaN
12.686 NaN
12.695 NaN
12.709 NaN
12.718 NaN
12.721 NaN
12.741 NaN
12.797 NaN
12.801 NaN
12.809 NaN
12.849 NaN
12.871 NaN
12.881 NaN
12.887 NaN
12.889 NaN
12.915 NaN
12.915 NaN
12.934 NaN
12.953 NaN
12.958 NaN
12.968 NaN
12.971 NaN
12.981 NaN
12.998 NaN
13.016 NaN
13.033 NaN
13.069 NaN
13.086 NaN
13.094 NaN
13.106 NaN
13.107 NaN
13.114 NaN
13.158 NaN
13.16 NaN
13.163 NaN
13.18 NaN
13.182 NaN
13.182 NaN
13.188 NaN
13.195 NaN
13.215 NaN
13.228 NaN
13.232 NaN
13.245 NaN
13.258 NaN
13.261 NaN
13.263 NaN
13.264 NaN
13.304 NaN
13.308 NaN
13.344 NaN
13.345 NaN
13.349 NaN
13.362 NaN
13.414 NaN
13.419 NaN
13.442 NaN
13.445 NaN
13.465 NaN
13.488 NaN
13.491 NaN
13.507 NaN
13.525 NaN
13.533 NaN
13.536 NaN
13.539 NaN
13.543 NaN
13.544 NaN
13.574 NaN
13.584 NaN
13.612 NaN
13.64 NaN
13.641 NaN
13.656 NaN
13.657 NaN
13.658 NaN
13.662 NaN
13.663 NaN
13.665 NaN
13.716 NaN
13.728 NaN
13.755 NaN
13.757 NaN
13.768 NaN
13.776 NaN
13.784 NaN
13.815 NaN
13.818 NaN
13.825 NaN
13.872 NaN
13.876 NaN
13.878 NaN
13.882 NaN
13.897 NaN
13.9 NaN
13.907 NaN
13.909 NaN
13.912 NaN
13.921 NaN
13.923 NaN
13.954 NaN
13.965 NaN
13.977 NaN
13.978 NaN
13.979 NaN
14.002 NaN
14.007 NaN
14.024 NaN
14.056 NaN
14.063 NaN
14.063 NaN
14.064 NaN
14.075 NaN
14.078 NaN
14.087 NaN
14.091 NaN
14.1 NaN
14.109 NaN
14.14 NaN
14.151 NaN
14.157 NaN
14.165 NaN
14.168 NaN
14.177 NaN
14.185 NaN
14.2 NaN
14.227 NaN
14.239 NaN
14.239 NaN
14.249 NaN
14.253 NaN
14.259 NaN
14.274 NaN
14.277 NaN
14.281 NaN
14.308 NaN
14.308 NaN
14.32 NaN
14.361 NaN
14.362 NaN
14.375 NaN
14.379 NaN
14.394 NaN
14.395 NaN
14.396 NaN
14.396 NaN
14.403 NaN
14.412 NaN
14.431 NaN
14.449 NaN
14.479 NaN
14.484 NaN
14.497 NaN
14.527 NaN
14.564 NaN
14.589 NaN
14.601 NaN
14.604 NaN
14.611 NaN
14.612 NaN
14.614 NaN
14.618 NaN
14.624 NaN
14.624 NaN
14.654 NaN
14.659 NaN
14.66 NaN
14.664 NaN
14.692 NaN
14.692 NaN
14.693 NaN
14.694 NaN
14.699 NaN
14.702 NaN
14.708 NaN
14.758 NaN
14.774 NaN
14.775 NaN
14.775 NaN
14.798 NaN
14.809 NaN
14.823 NaN
14.864 NaN
14.892 NaN
14.918 NaN
14.934 NaN
14.937 NaN
14.944 NaN
14.95 NaN
14.957 NaN
14.983 NaN
14.989 NaN
15.002 NaN
15.013 NaN
15.018 NaN
15.057 NaN
15.07 NaN
15.079 NaN
15.099 NaN
15.104 NaN
15.108 NaN
15.109 NaN
15.112 NaN
15.116 NaN
15.118 NaN
15.15 NaN
15.164 NaN
15.176 NaN
15.178 NaN
15.18 NaN
15.222 NaN
15.222 NaN
15.232 NaN
15.24 NaN
15.244 NaN
15.259 NaN
15.278 NaN
15.28 NaN
15.315 NaN
15.324 NaN
15.334 NaN
15.353 NaN
15.36 NaN
15.362 NaN
15.363 NaN
15.385 NaN
15.403 NaN
15.415 NaN
15.432 NaN
15.444 NaN
15.466 NaN
15.477 NaN
15.525 NaN
15.549 NaN
15.554 NaN
15.565 NaN
15.586 NaN
15.6 NaN
15.604 NaN
15.613 NaN
15.614 NaN
15.65 NaN
15.67 NaN
15.676 NaN
15.692 NaN
15.699 NaN
15.715 NaN
15.72 NaN
15.723 NaN
15.73 NaN
15.73 NaN
15.74 NaN
15.753 NaN
15.764 NaN
15.77 NaN
15.774 NaN
15.778 NaN
15.789 NaN
15.825 NaN
15.833 NaN
15.841 NaN
15.848 NaN
15.852 NaN
15.863 NaN
15.863 NaN
15.9 NaN
15.918 NaN
15.949 NaN
15.954 NaN
16.009 NaN
16.012 NaN
16.026 NaN
16.035 NaN
16.076 NaN
16.078 NaN
16.111 NaN
16.124 NaN
16.135 NaN
16.145 NaN
16.154 NaN
16.209 NaN
16.233 NaN
16.239 NaN
16.25 NaN
16.272 NaN
16.287 NaN
16.29 NaN
16.346 NaN
16.346 NaN
16.364 NaN
16.365 NaN
16.379 NaN
16.394 NaN
16.402 NaN
16.416 NaN
16.419 NaN
16.438 NaN
16.452 NaN
16.462 NaN
16.491 NaN
16.496 NaN
16.512 NaN
16.519 NaN
16.531 NaN
16.532 NaN
16.57 NaN
16.576 NaN
16.583 NaN
16.587 NaN
16.595 NaN
16.597 NaN
16.605 NaN
16.608 NaN
16.632 NaN
16.64 NaN
16.648 NaN
16.676 NaN
16.683 NaN
16.705 NaN
16.748 NaN
16.751 NaN
16.789 NaN
16.796 NaN
16.798 NaN
16.826 NaN
16.829 NaN
16.853 NaN
16.904 NaN
16.906 NaN
16.913 NaN
16.919 NaN
16.928 NaN
16.94 NaN
16.943 NaN
16.948 NaN
16.95 NaN
16.956 NaN
16.957 NaN
16.959 NaN
16.974 NaN
16.98 NaN
16.998 NaN
17.003 NaN
17.047 NaN
17.067 NaN
17.068 NaN
17.069 NaN
17.123 NaN
17.124 NaN
17.157 NaN
17.169 NaN
17.169 NaN
17.209 NaN
17.216 NaN
17.221 NaN
17.238 NaN
17.254 NaN
17.274 NaN
17.297 NaN
17.32 NaN
17.331 NaN
17.362 NaN
17.386 NaN
17.388 NaN
17.403 NaN
17.405 NaN
17.414 NaN
17.416 NaN
17.432 NaN
17.436 NaN
17.444 NaN
17.452 NaN
17.473 NaN
17.484 NaN
17.484 NaN
17.504 NaN
17.504 NaN
17.527 NaN
17.536 NaN
17.568 NaN
17.605 NaN
17.672 NaN
17.677 NaN
17.69 NaN
17.706 NaN
17.716 NaN
17.731 NaN
17.735 NaN
17.741 NaN
17.742 NaN
17.761 NaN
17.769 NaN
17.775 NaN
17.783 NaN
17.806 NaN
17.871 NaN
17.873 NaN
17.901 NaN
17.903 NaN
17.907 NaN
17.912 NaN
17.915 NaN
17.94 NaN
17.953 NaN
18.009 NaN
18.03 NaN
18.036 NaN
18.052 NaN
18.067 NaN
18.072 NaN
18.11 NaN
18.134 NaN
18.148 NaN
18.149 NaN
18.161 NaN
18.187 NaN
18.192 NaN
18.195 NaN
18.218 NaN
18.227 NaN
18.272 NaN
18.282 NaN
18.298 NaN
18.304 NaN
18.312 NaN
18.318 NaN
18.325 NaN
18.372 NaN
18.376 NaN
18.405 NaN
18.432 NaN
18.443 NaN
18.445 NaN
18.456 NaN
18.468 NaN
18.473 NaN
18.477 NaN
18.487 NaN
18.511 NaN
18.526 NaN
18.532 NaN
18.55 NaN
18.558 NaN
18.586 NaN
18.59 NaN
18.609 NaN
18.613 NaN
18.652 NaN
18.658 NaN
18.743 NaN
18.747 NaN
18.75 NaN
18.776 NaN
18.776 NaN
18.799 NaN
18.809 NaN
18.823 NaN
18.836 NaN
18.892 NaN
18.91 NaN
18.92 NaN
18.936 NaN
18.943 NaN
18.967 NaN
18.972 NaN
18.99 NaN
18.994 NaN
19.018 NaN
19.085 NaN
19.13 NaN
19.21 NaN
19.227 NaN
19.233 NaN
19.236 NaN
19.265 NaN
19.276 NaN
19.28 NaN
19.299 NaN
19.305 NaN
19.305 NaN
19.322 NaN
19.395 NaN
19.404 NaN
19.419 NaN
19.439 NaN
19.465 NaN
19.478 NaN
19.481 NaN
19.484 NaN
19.487 NaN
19.518 NaN
19.523 NaN
19.536 NaN
19.543 NaN
19.545 NaN
19.545 NaN
19.552 NaN
19.553 NaN
19.558 NaN
19.574 NaN
19.577 NaN
19.586 NaN
19.599 NaN
19.616 NaN
19.629 NaN
19.658 NaN
19.662 NaN
19.666 NaN
19.666 NaN
19.691 NaN
19.76 NaN
19.794 NaN
19.817 NaN
19.835 NaN
19.865 NaN
19.87 NaN
19.879 NaN
19.905 NaN
19.917 NaN
19.931 NaN
19.943 NaN
19.957 NaN
19.966 NaN
19.97 NaN
19.972 NaN
20.026 NaN
20.045 NaN
20.055 NaN
20.082 NaN
20.084 NaN
20.09 NaN
20.096 NaN
20.1 NaN
20.104 NaN
20.104 NaN
20.11 NaN
20.138 NaN
20.138 NaN
20.153 NaN
20.162 NaN
20.165 NaN
20.17 NaN
20.197 NaN
20.205 NaN
20.214 NaN
20.23 NaN
20.237 NaN
20.246 NaN
20.264 NaN
20.286 NaN
20.287 NaN
20.307 NaN
20.324 NaN
20.338 NaN
20.346 NaN
20.359 NaN
20.362 NaN
20.362 NaN
20.376 NaN
20.405 NaN
20.406 NaN
20.412 NaN
20.444 NaN
20.45 NaN
20.46 NaN
20.46 NaN
20.488 NaN
20.504 NaN
20.555 NaN
20.576 NaN
20.607 NaN
20.625 NaN
20.632 NaN
20.647 NaN
20.655 NaN
20.671 NaN
20.682 NaN
20.693 NaN
20.763 NaN
20.772 NaN
20.824 NaN
20.832 NaN
20.849 NaN
20.863 NaN
20.949 NaN
20.989 NaN
20.992 NaN
21 NaN
21.003 NaN
21.016 NaN
21.025 NaN
21.04 NaN
21.1 NaN
21.114 NaN
21.119 NaN
21.139 NaN
21.145 NaN
21.164 NaN
21.209 NaN
21.286 NaN
21.287 NaN
21.32 NaN
21.321 NaN
21.323 NaN
21.326 NaN
21.37 NaN
21.378 NaN
21.38 NaN
21.39 NaN
21.409 NaN
21.452 NaN
21.481 NaN
21.492 NaN
21.527 NaN
21.529 NaN
21.531 NaN
21.557 NaN
21.582 NaN
21.612 NaN
21.636 NaN
21.637 NaN
21.659 NaN
21.674 NaN
21.675 NaN
21.703 NaN
21.704 NaN
21.744 NaN
21.76 NaN
21.774 NaN
21.779 NaN
21.783 NaN
21.788 NaN
21.796 NaN
21.799 NaN
21.817 NaN
21.862 NaN
21.877 NaN
21.891 NaN
21.897 NaN
21.988 NaN
21.996 NaN
22.178 NaN
22.185 NaN
22.198 NaN
22.206 NaN
22.221 NaN
22.228 NaN
22.24 NaN
22.263 NaN
22.332 NaN
22.333 NaN
22.339 NaN
22.378 NaN
22.406 NaN
22.407 NaN
22.418 NaN
22.43 NaN
22.443 NaN
22.444 NaN
22.48 NaN
22.503 NaN
22.513 NaN
22.514 NaN
22.517 NaN
22.524 NaN
22.533 NaN
22.544 NaN
22.553 NaN
22.562 NaN
22.563 NaN
22.624 NaN
22.644 NaN
22.654 NaN
22.655 NaN
22.706 NaN
22.707 NaN
22.707 NaN
22.722 NaN
22.724 NaN
22.761 NaN
22.761 NaN
22.763 NaN
22.773 NaN
22.778 NaN
22.799 NaN
22.806 NaN
22.831 NaN
22.881 NaN
22.89 NaN
22.9 NaN
22.916 NaN
22.951 NaN
22.966 NaN
22.97 NaN
22.996 NaN
23.016 NaN
23.047 NaN
23.102 NaN
23.113 NaN
23.173 NaN
23.185 NaN
23.196 NaN
23.203 NaN
23.22 NaN
23.221 NaN
23.242 NaN
23.276 NaN
23.278 NaN
23.307 NaN
23.317 NaN
23.396 NaN
23.411 NaN
23.411 NaN
23.427 NaN
23.459 NaN
23.499 NaN
23.545 NaN
23.547 NaN
23.559 NaN
23.565 NaN
23.568 NaN
23.592 NaN
23.631 NaN
23.637 NaN
23.638 NaN
23.646 NaN
23.654 NaN
23.665 NaN
23.689 NaN
23.78 NaN
23.799 NaN
23.808 NaN
23.819 NaN
23.82 NaN
23.837 NaN
23.845 NaN
23.864 NaN
23.893 NaN
23.928 NaN
23.933 NaN
23.943 NaN
23.945 NaN
23.951 NaN
23.982 NaN
24.05 NaN
24.061 NaN
24.072 NaN
24.125 NaN
24.135 NaN
24.155 NaN
24.168 NaN
24.198 NaN
24.217 NaN
24.227 NaN
24.328 NaN
24.332 NaN
24.36 NaN
24.399 NaN
24.402 NaN
24.42 NaN
24.443 NaN
24.449 NaN
24.465 NaN
24.476 NaN
24.511 NaN
24.605 NaN
24.657 NaN
24.662 NaN
24.674 NaN
24.683 NaN
24.683 NaN
24.692 NaN
24.701 NaN
24.756 NaN
24.762 NaN
24.769 NaN
24.783 NaN
24.812 NaN
24.813 NaN
24.854 NaN
24.874 NaN
24.876 NaN
24.879 NaN
24.942 NaN
24.947 NaN
24.95 NaN
24.98 NaN
24.988 NaN
24.991 NaN
25.013 NaN
25.024 NaN
25.086 NaN
25.11 NaN
25.122 NaN
25.148 NaN
25.164 NaN
25.168 NaN
25.187 NaN
25.19 NaN
25.241 NaN
25.242 NaN
25.252 NaN
25.284 NaN
25.318 NaN
25.329 NaN
25.336 NaN
25.34 NaN
25.346 NaN
25.351 NaN
25.404 NaN
25.468 NaN
25.491 NaN
25.511 NaN
25.535 NaN
25.545 NaN
25.59 NaN
25.602 NaN
25.607 NaN
25.649 NaN
25.655 NaN
25.657 NaN
25.671 NaN
25.684 NaN
25.698 NaN
25.706 NaN
25.713 NaN
25.734 NaN
25.768 NaN
25.779 NaN
25.818 NaN
25.826 NaN
25.826 NaN
25.853 NaN
25.904 NaN
25.905 NaN
25.908 NaN
25.935 NaN
25.955 NaN
26.075 NaN
26.102 NaN
26.106 NaN
26.141 NaN
26.168 NaN
26.186 NaN
26.205 NaN
26.273 NaN
26.398 NaN
26.445 NaN
26.484 NaN
26.485 NaN
26.487 NaN
26.555 NaN
26.556 NaN
26.561 NaN
26.618 NaN
26.618 NaN
26.633 NaN
26.702 NaN
26.71 NaN
26.71 NaN
26.759 NaN
26.793 NaN
26.828 NaN
26.864 NaN
26.871 NaN
26.922 NaN
26.961 NaN
26.973 NaN
26.997 NaN
27.036 NaN
27.039 NaN
27.048 NaN
27.064 NaN
27.103 NaN
27.104 NaN
27.123 NaN
27.18 NaN
27.189 NaN
27.2 NaN
27.216 NaN
27.219 NaN
27.234 NaN
27.265 NaN
27.308 NaN
27.418 NaN
27.43 NaN
27.438 NaN
27.448 NaN
27.482 NaN
27.487 NaN
27.487 NaN
27.547 NaN
27.621 NaN
27.622 NaN
27.68 NaN
27.685 NaN
27.717 NaN
27.718 NaN
27.726 NaN
27.811 NaN
27.817 NaN
27.823 NaN
27.859 NaN
27.86 NaN
27.893 NaN
27.911 NaN
27.915 NaN
27.928 NaN
27.931 NaN
27.933 NaN
27.946 NaN
27.979 NaN
28.047 NaN
28.058 NaN
28.086 NaN
28.168 NaN
28.18 NaN
28.186 NaN
28.269 NaN
28.33 NaN
28.342 NaN
28.358 NaN
28.386 NaN
28.395 NaN
28.409 NaN
28.448 NaN
28.48 NaN
28.526 NaN
28.541 NaN
28.55 NaN
28.565 NaN
28.569 NaN
28.591 NaN
28.603 NaN
28.612 NaN
28.631 NaN
28.644 NaN
28.658 NaN
28.661 NaN
28.687 NaN
28.705 NaN
28.796 NaN
28.805 NaN
28.822 NaN
28.862 NaN
28.868 NaN
28.879 NaN
28.907 NaN
28.918 NaN
28.981 NaN
29.041 NaN
29.054 NaN
29.058 NaN
29.064 NaN
29.134 NaN
29.145 NaN
29.201 NaN
29.223 NaN
29.231 NaN
29.237 NaN
29.253 NaN
29.289 NaN
29.291 NaN
29.299 NaN
29.339 NaN
29.342 NaN
29.345 NaN
29.368 NaN
29.39 NaN
29.394 NaN
29.446 NaN
29.466 NaN
29.491 NaN
29.506 NaN
29.513 NaN
29.54 NaN
29.561 NaN
29.581 NaN
29.616 NaN
29.656 NaN
29.657 NaN
29.659 NaN
29.666 NaN
29.684 NaN
29.707 NaN
29.74 NaN
29.744 NaN
29.868 NaN
29.868 NaN
29.872 NaN
29.886 NaN
29.939 NaN
29.994 NaN
30.033 NaN
30.074 NaN
30.091 NaN
30.095 NaN
30.096 NaN
30.192 NaN
30.201 NaN
30.217 NaN
30.233 NaN
30.266 NaN
30.304 NaN
30.32 NaN
30.322 NaN
30.351 NaN
30.361 NaN
30.395 NaN
30.4 NaN
30.464 NaN
30.531 NaN
30.537 NaN
30.54 NaN
30.573 NaN
30.613 NaN
30.64 NaN
30.643 NaN
30.659 NaN
30.773 NaN
30.79 NaN
30.829 NaN
30.844 NaN
30.869 NaN
30.895 NaN
30.91 NaN
30.942 NaN
30.949 NaN
30.956 NaN
30.983 NaN
31.039 NaN
31.05 NaN
31.087 NaN
31.132 NaN
31.174 NaN
31.205 NaN
31.212 NaN
31.217 NaN
31.258 NaN
31.297 NaN
31.357 NaN
31.404 NaN
31.471 NaN
31.489 NaN
31.493 NaN
31.5 NaN
31.509 NaN
31.518 NaN
31.544 NaN
31.566 NaN
31.585 NaN
31.612 NaN
31.623 NaN
31.644 NaN
31.654 NaN
31.712 NaN
31.733 NaN
31.736 NaN
31.767 NaN
31.774 NaN
31.778 NaN
31.79 NaN
31.798 NaN
31.839 NaN
31.897 NaN
31.927 NaN
31.942 NaN
31.964 NaN
31.982 NaN
31.989 NaN
31.993 NaN
32.001 NaN
32.005 NaN
32.035 NaN
32.062 NaN
32.067 NaN
32.078 NaN
32.094 NaN
32.102 NaN
32.107 NaN
32.119 NaN
32.124 NaN
32.146 NaN
32.167 NaN
32.176 NaN
32.246 NaN
32.247 NaN
32.267 NaN
32.279 NaN
32.308 NaN
32.358 NaN
32.371 NaN
32.374 NaN
32.42 NaN
32.442 NaN
32.481 NaN
32.558 NaN
32.56 NaN
32.576 NaN
32.579 NaN
32.597 NaN
32.62 NaN
32.623 NaN
32.697 NaN
32.703 NaN
32.728 NaN
32.732 NaN
32.733 NaN
32.739 NaN
32.761 NaN
32.796 NaN
32.82 NaN
32.858 NaN
32.878 NaN
32.897 NaN
32.906 NaN
32.917 NaN
32.945 NaN
32.956 NaN
32.989 NaN
33.008 NaN
33.023 NaN
33.031 NaN
33.05 NaN
33.055 NaN
33.133 NaN
33.187 NaN
33.211 NaN
33.257 NaN
33.259 NaN
33.277 NaN
33.311 NaN
33.348 NaN
33.369 NaN
33.39 NaN
33.443 NaN
33.509 NaN
33.545 NaN
33.548 NaN
33.575 NaN
33.595 NaN
33.63 NaN
33.633 NaN
33.745 NaN
33.777 NaN
33.855 NaN
33.858 NaN
33.875 NaN
33.909 NaN
33.968 NaN
34.019 NaN
34.058 NaN
34.083 NaN
34.208 NaN
34.256 NaN
34.278 NaN
34.282 NaN
34.337 NaN
34.374 NaN
34.433 NaN
34.464 NaN
34.506 NaN
34.605 NaN
34.606 NaN
34.623 NaN
34.666 NaN
34.702 NaN
34.707 NaN
34.709 NaN
34.709 NaN
34.754 NaN
34.786 NaN
34.827 NaN
34.841 NaN
34.848 NaN
34.904 NaN
34.918 NaN
34.958 NaN
34.974 NaN
34.986 NaN
34.99 NaN
35.016 NaN
35.026 NaN
35.057 NaN
35.068 NaN
35.089 NaN
35.098 NaN
35.122 NaN
35.125 NaN
35.161 NaN
35.304 NaN
35.342 NaN
35.405 NaN
35.439 NaN
35.444 NaN
35.445 NaN
35.471 NaN
35.521 NaN
35.522 NaN
35.523 NaN
35.547 NaN
35.564 NaN
35.574 NaN
35.575 NaN
35.597 NaN
35.634 NaN
35.641 NaN
35.647 NaN
35.693 NaN
35.732 NaN
35.738 NaN
35.848 NaN
35.903 NaN
35.903 NaN
35.953 NaN
35.979 NaN
35.99 NaN
36.012 NaN
36.013 NaN
36.105 NaN
36.126 NaN
36.153 NaN
36.162 NaN
36.193 NaN
36.2 NaN
36.252 NaN
36.255 NaN
36.268 NaN
36.289 NaN
36.313 NaN
36.326 NaN
36.385 NaN
36.423 NaN
36.464 NaN
36.466 NaN
36.474 NaN
36.565 NaN
36.571 NaN
36.592 NaN
36.62 NaN
36.632 NaN
36.646 NaN
36.686 NaN
36.69 NaN
36.696 NaN
36.728 NaN
36.732 NaN
36.756 NaN
36.764 NaN
36.819 NaN
36.827 NaN
36.855 NaN
36.873 NaN
36.885 NaN
36.893 NaN
36.912 NaN
36.941 NaN
36.991 NaN
37.001 NaN
37.107 NaN
37.142 NaN
37.165 NaN
37.221 NaN
37.23 NaN
37.295 NaN
37.367 NaN
37.372 NaN
37.373 NaN
37.416 NaN
37.523 NaN
37.532 NaN
37.621 NaN
37.641 NaN
37.651 NaN
37.694 NaN
37.717 NaN
37.728 NaN
37.736 NaN
37.787 NaN
37.831 NaN
37.868 NaN
37.875 NaN
37.893 NaN
37.903 NaN
37.951 NaN
37.953 NaN
37.97 NaN
38.027 NaN
38.029 NaN
38.03 NaN
38.081 NaN
38.102 NaN
38.166 NaN
38.193 NaN
38.196 NaN
38.228 NaN
38.24 NaN
38.27 NaN
38.282 NaN
38.415 NaN
38.435 NaN
38.517 NaN
38.529 NaN
38.54 NaN
38.575 NaN
38.609 NaN
38.625 NaN
38.652 NaN
38.686 NaN
38.694 NaN
38.698 NaN
38.718 NaN
38.761 NaN
38.865 NaN
38.883 NaN
38.884 NaN
38.885 NaN
38.89 NaN
38.995 NaN
39.007 NaN
39.045 NaN
39.053 NaN
39.073 NaN
39.141 NaN
39.153 NaN
39.155 NaN
39.171 NaN
39.174 NaN
39.175 NaN
39.182 NaN
39.258 NaN
39.27 NaN
39.291 NaN
39.304 NaN
39.343 NaN
39.354 NaN
39.429 NaN
39.533 NaN
39.543 NaN
39.552 NaN
39.581 NaN
39.626 NaN
39.64 NaN
39.649 NaN
39.665 NaN
39.695 NaN
39.736 NaN
39.769 NaN
39.831 NaN
39.835 NaN
39.861 NaN
39.892 NaN
39.968 NaN
39.969 NaN
40.005 NaN
40.009 NaN
40.018 NaN
40.027 NaN
40.032 NaN
40.052 NaN
40.145 NaN
40.167 NaN
40.177 NaN
40.217 NaN
40.241 NaN
40.288 NaN
40.317 NaN
40.327 NaN
40.417 NaN
40.422 NaN
40.449 NaN
40.464 NaN
40.464 NaN
40.517 NaN
40.636 NaN
40.676 NaN
40.684 NaN
40.69 NaN
40.697 NaN
40.732 NaN
40.784 NaN
40.811 NaN
40.853 NaN
40.876 NaN
40.884 NaN
40.903 NaN
40.915 NaN
40.938 NaN
40.991 NaN
41.053 NaN
41.063 NaN
41.069 NaN
41.252 NaN
41.26 NaN
41.27 NaN
41.295 NaN
41.297 NaN
41.305 NaN
41.321 NaN
41.332 NaN
41.406 NaN
41.427 NaN
41.454 NaN
41.471 NaN
41.493 NaN
41.62 NaN
41.64 NaN
41.645 NaN
41.673 NaN
41.673 NaN
41.692 NaN
41.704 NaN
41.708 NaN
41.722 NaN
41.772 NaN
41.779 NaN
41.791 NaN
41.834 NaN
41.843 NaN
41.863 NaN
41.876 NaN
41.878 NaN
41.991 NaN
41.996 NaN
42.006 NaN
42.033 NaN
42.073 NaN
42.108 NaN
42.132 NaN
42.175 NaN
42.175 NaN
42.217 NaN
42.224 NaN
42.268 NaN
42.31 NaN
42.358 NaN
42.361 NaN
42.364 NaN
42.423 NaN
42.426 NaN
42.467 NaN
42.5 NaN
42.506 NaN
42.549 NaN
42.559 NaN
42.589 NaN
42.624 NaN
42.659 NaN
42.672 NaN
42.744 NaN
42.787 NaN
42.79 NaN
42.798 NaN
42.818 NaN
42.862 NaN
42.974 NaN
42.975 NaN
42.978 NaN
43.054 NaN
43.074 NaN
43.105 NaN
43.123 NaN
43.137 NaN
43.139 NaN
43.17 NaN
43.172 NaN
43.242 NaN
43.281 NaN
43.306 NaN
43.321 NaN
43.332 NaN
43.334 NaN
43.36 NaN
43.394 NaN
43.426 NaN
43.645 NaN
43.67 NaN
43.701 NaN
43.766 NaN
43.82 NaN
43.837 NaN
43.863 NaN
43.963 NaN
44.02 NaN
44.035 NaN
44.098 NaN
44.103 NaN
44.146 NaN
44.15 NaN
44.192 NaN
44.212 NaN
44.213 NaN
44.221 NaN
44.277 NaN
44.3 NaN
44.313 NaN
44.353 NaN
44.377 NaN
44.378 NaN
44.389 NaN
44.392 NaN
44.397 NaN
44.422 NaN
44.425 NaN
44.444 NaN
44.452 NaN
44.622 NaN
44.64 NaN
44.711 NaN
44.731 NaN
44.754 NaN
44.841 NaN
44.881 NaN
44.919 NaN
44.949 NaN
44.962 NaN
45.019 NaN
45.022 NaN
45.025 NaN
45.052 NaN
45.065 NaN
45.096 NaN
45.114 NaN
45.266 NaN
45.315 NaN
45.341 NaN
45.434 NaN
45.45 NaN
45.473 NaN
45.473 NaN
45.478 NaN
45.527 NaN
45.543 NaN
45.559 NaN
45.66 NaN
45.66 NaN
45.681 NaN
45.698 NaN
45.708 NaN
45.736 NaN
45.761 NaN
45.834 NaN
45.871 NaN
45.873 NaN
45.904 NaN
45.915 NaN
45.935 NaN
45.938 NaN
45.938 NaN
45.955 NaN
45.965 NaN
46.008 NaN
46.022 NaN
46.063 NaN
46.1 NaN
46.187 NaN
46.244 NaN
46.245 NaN
46.338 NaN
46.369 NaN
46.375 NaN
46.383 NaN
46.385 NaN
46.512 NaN
46.52 NaN
46.547 NaN
46.607 NaN
46.644 NaN
46.681 NaN
46.689 NaN
46.694 NaN
46.722 NaN
46.724 NaN
46.814 NaN
46.821 NaN
46.827 NaN
46.832 NaN
46.842 NaN
46.906 NaN
46.926 NaN
46.959 NaN
47.026 NaN
47.041 NaN
47.072 NaN
47.078 NaN
47.08 NaN
47.084 NaN
47.085 NaN
47.123 NaN
47.124 NaN
47.125 NaN
47.14 NaN
47.152 NaN
47.198 NaN
47.242 NaN
47.256 NaN
47.259 NaN
47.389 NaN
47.419 NaN
47.515 NaN
47.517 NaN
47.538 NaN
47.588 NaN
47.6 NaN
47.662 NaN
47.669 NaN
47.682 NaN
47.703 NaN
47.706 NaN
47.728 NaN
47.74 NaN
47.766 NaN
47.804 NaN
47.808 NaN
47.825 NaN
47.929 NaN
47.945 NaN
48.023 NaN
48.089 NaN
48.173 NaN
48.212 NaN
48.239 NaN
48.313 NaN
48.316 NaN
48.339 NaN
48.403 NaN
48.431 NaN
48.472 NaN
48.495 NaN
48.52 NaN
48.521 NaN
48.587 NaN
48.612 NaN
48.632 NaN
48.661 NaN
48.699 NaN
48.711 NaN
48.839 NaN
48.887 NaN
48.919 NaN
48.934 NaN
48.975 NaN
49.05 NaN
49.089 NaN
49.137 NaN
49.137 NaN
49.142 NaN
49.261 NaN
49.283 NaN
49.283 NaN
49.303 NaN
49.312 NaN
49.34 NaN
49.348 NaN
49.359 NaN
49.362 NaN
49.408 NaN
49.441 NaN
49.468 NaN
49.473 NaN
49.498 NaN
49.515 NaN
49.596 NaN
49.608 NaN
49.619 NaN
49.634 NaN
49.703 NaN
49.711 NaN
49.731 NaN
49.811 NaN
49.888 NaN
49.929 NaN
49.942 NaN
49.962 NaN
50.032 NaN
50.058 NaN
50.162 NaN
50.166 NaN
50.185 NaN
50.19 NaN
50.206 NaN
50.251 NaN
50.353 NaN
50.375 NaN
50.376 NaN
50.396 NaN
50.426 NaN
50.436 NaN
50.445 NaN
50.472 NaN
50.482 NaN
50.502 NaN
50.583 NaN
50.591 NaN
50.818 NaN
50.825 NaN
50.834 NaN
50.887 NaN
50.89 NaN
50.909 NaN
50.949 NaN
50.95 NaN
50.954 NaN
50.993 NaN
51.014 NaN
51.21 NaN
51.223 NaN
51.313 NaN
51.317 NaN
51.332 NaN
51.399 NaN
51.465 NaN
51.468 NaN
51.488 NaN
51.618 NaN
51.652 NaN
51.688 NaN
51.72 NaN
51.729 NaN
51.832 NaN
51.842 NaN
51.938 NaN
51.949 NaN
51.973 NaN
52.025 NaN
52.025 NaN
52.034 NaN
52.036 NaN
52.048 NaN
52.079 NaN
52.092 NaN
52.101 NaN
52.115 NaN
52.128 NaN
52.136 NaN
52.202 NaN
52.203 NaN
52.206 NaN
52.375 NaN
52.379 NaN
52.431 NaN
52.45 NaN
52.501 NaN
52.545 NaN
52.558 NaN
52.567 NaN
52.578 NaN
52.589 NaN
52.591 NaN
52.741 NaN
52.764 NaN
52.805 NaN
52.83 NaN
52.833 NaN
52.852 NaN
53.028 NaN
53.067 NaN
53.137 NaN
53.169 NaN
53.193 NaN
53.206 NaN
53.269 NaN
53.283 NaN
53.295 NaN
53.343 NaN
53.374 NaN
53.375 NaN
53.392 NaN
53.393 NaN
53.402 NaN
53.41 NaN
53.451 NaN
53.478 NaN
53.496 NaN
53.514 NaN
53.632 NaN
53.714 NaN
53.722 NaN
53.737 NaN
53.944 NaN
53.999 NaN
54.073 NaN
54.077 NaN
54.086 NaN
54.1 NaN
54.149 NaN
54.155 NaN
54.167 NaN
54.184 NaN
54.241 NaN
54.254 NaN
54.254 NaN
54.267 NaN
54.298 NaN
54.323 NaN
54.327 NaN
54.356 NaN
54.357 NaN
54.37 NaN
54.385 NaN
54.387 NaN
54.426 NaN
54.465 NaN
54.502 NaN
54.518 NaN
54.539 NaN
54.582 NaN
54.608 NaN
54.639 NaN
54.75 NaN
54.818 NaN
54.867 NaN
54.872 NaN
54.883 NaN
54.883 NaN
54.92 NaN
55.055 NaN
55.062 NaN
55.071 NaN
55.114 NaN
55.129 NaN
55.153 NaN
55.175 NaN
55.207 NaN
55.211 NaN
55.269 NaN
55.281 NaN
55.361 NaN
55.372 NaN
55.412 NaN
55.415 NaN
55.429 NaN
55.441 NaN
55.461 NaN
55.504 NaN
55.56 NaN
55.614 NaN
55.708 NaN
55.736 NaN
55.779 NaN
55.801 NaN
55.848 NaN
55.898 NaN
55.928 NaN
55.936 NaN
55.937 NaN
55.952 NaN
55.96 NaN
55.971 NaN
56.007 NaN
56.035 NaN
56.045 NaN
56.074 NaN
56.126 NaN
56.139 NaN
56.154 NaN
56.212 NaN
56.231 NaN
56.29 NaN
56.35 NaN
56.362 NaN
56.377 NaN
56.429 NaN
56.454 NaN
56.49 NaN
56.507 NaN
56.53 NaN
56.612 NaN
56.656 NaN
56.673 NaN
56.694 NaN
56.707 NaN
56.785 NaN
56.829 NaN
56.88 NaN
56.931 NaN
56.998 NaN
57 NaN
57.003 NaN
57.008 NaN
57.067 NaN
57.073 NaN
57.126 NaN
57.158 NaN
57.21 NaN
57.25 NaN
57.281 NaN
57.385 NaN
57.393 NaN
57.424 NaN
57.428 NaN
57.439 NaN
57.468 NaN
57.509 NaN
57.586 NaN
57.632 NaN
57.658 NaN
57.774 NaN
57.779 NaN
57.782 NaN
57.825 NaN
57.86 NaN
57.865 NaN
57.977 NaN
58.033 NaN
58.097 NaN
58.11 NaN
58.11 NaN
58.194 NaN
58.421 NaN
58.438 NaN
58.468 NaN
58.482 NaN
58.574 NaN
58.576 NaN
58.586 NaN
58.626 NaN
58.634 NaN
58.693 NaN
58.697 NaN
58.699 NaN
58.725 NaN
58.732 NaN
58.821 NaN
58.874 NaN
58.935 NaN
58.951 NaN
59.067 NaN
59.071 NaN
59.105 NaN
59.123 NaN
59.174 NaN
59.18 NaN
59.244 NaN
59.245 NaN
59.251 NaN
59.341 NaN
59.376 NaN
59.381 NaN
59.474 NaN
59.501 NaN
59.563 NaN
59.583 NaN
59.742 NaN
59.778 NaN
59.808 NaN
59.85 NaN
59.921 NaN
59.994 NaN
60.14 NaN
60.199 NaN
60.234 NaN
60.369 NaN
60.381 NaN
60.402 NaN
60.453 NaN
60.463 NaN
60.524 NaN
60.553 NaN
60.574 NaN
60.582 NaN
60.602 NaN
60.613 NaN
60.629 NaN
60.646 NaN
60.713 NaN
60.733 NaN
60.734 NaN
60.755 NaN
60.82 NaN
60.82 NaN
60.83 NaN
60.857 NaN
60.899 NaN
60.982 NaN
61.015 NaN
61.048 NaN
61.077 NaN
61.114 NaN
61.139 NaN
61.178 NaN
61.197 NaN
61.202 NaN
61.252 NaN
61.283 NaN
61.379 NaN
61.425 NaN
61.429 NaN
61.433 NaN
61.436 NaN
61.576 NaN
61.608 NaN
61.618 NaN
61.632 NaN
61.695 NaN
61.733 NaN
61.745 NaN
61.746 NaN
61.748 NaN
61.793 NaN
61.915 NaN
61.926 NaN
61.956 NaN
61.961 NaN
61.967 NaN
62.034 NaN
62.051 NaN
62.109 NaN
62.227 NaN
62.228 NaN
62.257 NaN
62.265 NaN
62.407 NaN
62.455 NaN
62.456 NaN
62.467 NaN
62.533 NaN
62.555 NaN
62.586 NaN
62.657 NaN
62.724 NaN
63.028 NaN
63.094 NaN
63.116 NaN
63.133 NaN
63.156 NaN
63.165 NaN
63.2 NaN
63.311 NaN
63.321 NaN
63.334 NaN
63.378 NaN
63.378 NaN
63.39 NaN
63.402 NaN
63.408 NaN
63.411 NaN
63.425 NaN
63.436 NaN
63.445 NaN
63.523 NaN
63.567 NaN
63.57 NaN
63.645 NaN
63.678 NaN
63.72 NaN
63.73 NaN
63.828 NaN
63.865 NaN
63.879 NaN
63.941 NaN
64.002 NaN
64.055 NaN
64.129 NaN
64.138 NaN
64.141 NaN
64.225 NaN
64.276 NaN
64.39 NaN
64.404 NaN
64.409 NaN
64.465 NaN
64.513 NaN
64.528 NaN
64.573 NaN
64.574 NaN
64.583 NaN
64.626 NaN
64.643 NaN
64.655 NaN
64.674 NaN
64.694 NaN
64.761 NaN
64.793 NaN
64.901 NaN
64.993 NaN
65.011 NaN
65.019 NaN
65.107 NaN
65.117 NaN
65.146 NaN
65.182 NaN
65.214 NaN
65.214 NaN
65.235 NaN
65.282 NaN
65.3 NaN
65.312 NaN
65.335 NaN
65.343 NaN
65.351 NaN
65.405 NaN
65.426 NaN
65.46 NaN
65.497 NaN
65.593 NaN
65.697 NaN
65.802 NaN
65.879 NaN
65.886 NaN
65.89 NaN
66.036 NaN
66.049 NaN
66.051 NaN
66.064 NaN
66.091 NaN
66.094 NaN
66.147 NaN
66.152 NaN
66.164 NaN
66.246 NaN
66.267 NaN
66.314 NaN
66.345 NaN
66.356 NaN
66.367 NaN
66.41 NaN
66.461 NaN
66.497 NaN
66.554 NaN
66.628 NaN
66.681 NaN
66.714 NaN
66.771 NaN
66.783 NaN
66.789 NaN
66.846 NaN
66.901 NaN
66.919 NaN
66.92 NaN
66.926 NaN
66.94 NaN
67.021 NaN
67.087 NaN
67.146 NaN
67.164 NaN
67.174 NaN
67.184 NaN
67.236 NaN
67.268 NaN
67.283 NaN
67.324 NaN
67.351 NaN
67.378 NaN
67.491 NaN
67.529 NaN
67.544 NaN
67.569 NaN
67.61 NaN
67.759 NaN
67.767 NaN
67.785 NaN
67.895 NaN
67.908 NaN
67.976 NaN
68.048 NaN
68.131 NaN
68.132 NaN
68.225 NaN
68.23 NaN
68.381 NaN
68.464 NaN
68.513 NaN
68.611 NaN
68.651 NaN
68.662 NaN
68.742 NaN
68.8 NaN
68.809 NaN
68.824 NaN
68.893 NaN
68.916 NaN
68.997 NaN
69.019 NaN
69.088 NaN
69.092 NaN
69.135 NaN
69.219 NaN
69.254 NaN
69.277 NaN
69.291 NaN
69.34 NaN
69.387 NaN
69.406 NaN
69.495 NaN
69.564 NaN
69.574 NaN
69.584 NaN
69.584 NaN
69.774 NaN
69.784 NaN
69.787 NaN
69.797 NaN
69.861 NaN
70.075 NaN
70.121 NaN
70.234 NaN
70.25 NaN
70.31 NaN
70.314 NaN
70.321 NaN
70.4 NaN
70.441 NaN
70.476 NaN
70.48 NaN
70.686 NaN
70.722 NaN
70.765 NaN
70.856 NaN
70.911 NaN
70.935 NaN
70.954 NaN
70.959 NaN
70.98 NaN
70.981 NaN
70.986 NaN
71.081 NaN
71.254 NaN
71.274 NaN
71.298 NaN
71.312 NaN
71.378 NaN
71.405 NaN
71.459 NaN
71.485 NaN
71.516 NaN
71.567 NaN
71.588 NaN
71.643 NaN
71.674 NaN
71.698 NaN
71.719 NaN
71.799 NaN
71.8 NaN
71.842 NaN
71.89 NaN
71.927 NaN
71.951 NaN
71.98 NaN
71.984 NaN
72.071 NaN
72.082 NaN
72.106 NaN
72.107 NaN
72.308 NaN
72.364 NaN
72.375 NaN
72.535 NaN
72.54 NaN
72.591 NaN
72.624 NaN
72.689 NaN
72.692 NaN
72.754 NaN
72.77 NaN
72.818 NaN
72.86 NaN
72.899 NaN
72.925 NaN
72.973 NaN
73.072 NaN
73.15 NaN
73.18 NaN
73.23 NaN
73.321 NaN
73.416 NaN
73.494 NaN
73.52 NaN
73.537 NaN
73.539 NaN
73.629 NaN
73.669 NaN
73.693 NaN
73.694 NaN
73.699 NaN
73.706 NaN
73.741 NaN
73.763 NaN
73.791 NaN
73.8 NaN
73.891 NaN
73.913 NaN
73.916 NaN
73.976 NaN
74.085 NaN
74.108 NaN
74.159 NaN
74.17 NaN
74.234 NaN
74.351 NaN
74.401 NaN
74.402 NaN
74.496 NaN
74.532 NaN
74.57 NaN
74.705 NaN
74.753 NaN
74.757 NaN
74.763 NaN
74.82 NaN
74.853 NaN
74.866 NaN
74.915 NaN
74.923 NaN
74.931 NaN
74.932 NaN
74.942 NaN
74.983 NaN
74.991 NaN
75.01 NaN
75.013 NaN
75.03 NaN
75.061 NaN
75.163 NaN
75.176 NaN
75.192 NaN
75.217 NaN
75.421 NaN
75.462 NaN
75.522 NaN
75.544 NaN
75.566 NaN
75.586 NaN
75.642 NaN
75.707 NaN
75.745 NaN
75.8 NaN
75.873 NaN
75.963 NaN
75.98 NaN
76.019 NaN
76.092 NaN
76.171 NaN
76.186 NaN
76.195 NaN
76.217 NaN
76.235 NaN
76.286 NaN
76.292 NaN
76.325 NaN
76.358 NaN
76.375 NaN
76.387 NaN
76.435 NaN
76.442 NaN
76.468 NaN
76.498 NaN
76.592 NaN
76.599 NaN
76.602 NaN
76.654 NaN
76.669 NaN
76.736 NaN
76.845 NaN
76.866 NaN
76.869 NaN
76.885 NaN
76.915 NaN
76.953 NaN
77.027 NaN
77.169 NaN
77.177 NaN
77.349 NaN
77.357 NaN
77.494 NaN
77.51 NaN
77.533 NaN
77.546 NaN
77.567 NaN
77.602 NaN
77.819 NaN
77.821 NaN
77.831 NaN
77.874 NaN
77.907 NaN
78.009 NaN
78.122 NaN
78.13 NaN
78.159 NaN
78.242 NaN
78.247 NaN
78.309 NaN
78.411 NaN
78.518 NaN
78.544 NaN
78.56 NaN
78.609 NaN
78.685 NaN
78.724 NaN
78.765 NaN
78.797 NaN
78.865 NaN
78.984 NaN
78.99 NaN
79.034 NaN
79.034 NaN
79.202 NaN
79.211 NaN
79.372 NaN
79.385 NaN
79.481 NaN
79.621 NaN
79.688 NaN
79.718 NaN
79.737 NaN
79.783 NaN
79.817 NaN
79.886 NaN
79.984 NaN
80.152 NaN
80.259 NaN
80.584 NaN
80.615 NaN
80.621 NaN
80.776 NaN
80.797 NaN
80.976 NaN
80.976 NaN
81.038 NaN
81.125 NaN
81.127 NaN
81.253 NaN
81.328 NaN
81.409 NaN
81.487 NaN
81.528 NaN
81.576 NaN
81.6 NaN
81.647 NaN
81.648 NaN
81.669 NaN
81.708 NaN
81.824 NaN
81.826 NaN
81.841 NaN
81.861 NaN
81.901 NaN
81.961 NaN
82.037 NaN
82.167 NaN
82.36 NaN
82.36 NaN
82.404 NaN
82.503 NaN
82.548 NaN
82.639 NaN
82.658 NaN
82.66 NaN
82.674 NaN
82.703 NaN
82.753 NaN
82.766 NaN
82.792 NaN
82.856 NaN
82.93 NaN
82.993 NaN
83.126 NaN
83.139 NaN
83.244 NaN
83.301 NaN
83.357 NaN
83.371 NaN
83.394 NaN
83.496 NaN
83.499 NaN
83.592 NaN
83.593 NaN
83.68 NaN
83.758 NaN
83.998 NaN
84.079 NaN
84.103 NaN
84.18 NaN
84.259 NaN
84.392 NaN
84.518 NaN
84.539 NaN
84.569 NaN
84.978 NaN
85.165 NaN
85.201 NaN
85.224 NaN
85.355 NaN
85.412 NaN
85.436 NaN
85.447 NaN
85.447 NaN
85.684 NaN
85.728 NaN
85.804 NaN
85.958 NaN
86.073 NaN
86.096 NaN
86.159 NaN
86.202 NaN
86.247 NaN
86.318 NaN
86.337 NaN
86.367 NaN
86.518 NaN
86.527 NaN
86.529 NaN
86.556 NaN
86.63 NaN
86.655 NaN
86.661 NaN
86.704 NaN
86.705 NaN
86.709 NaN
86.875 NaN
86.904 NaN
86.908 NaN
86.936 NaN
86.976 NaN
87 NaN
87.007 NaN
87.047 NaN
87.055 NaN
87.126 NaN
87.132 NaN
87.152 NaN
87.219 NaN
87.246 NaN
87.25 NaN
87.323 NaN
87.428 NaN
87.489 NaN
87.572 NaN
87.9 NaN
87.939 NaN
87.945 NaN
87.967 NaN
87.983 NaN
88.081 NaN
88.145 NaN
88.152 NaN
88.26 NaN
88.32 NaN
88.583 NaN
88.671 NaN
88.682 NaN
88.77 NaN
88.834 NaN
88.87 NaN
88.898 NaN
88.961 NaN
88.991 NaN
89.011 NaN
89.091 NaN
89.139 NaN
89.158 NaN
89.186 NaN
89.356 NaN
89.383 NaN
89.387 NaN
89.403 NaN
89.408 NaN
89.463 NaN
89.574 NaN
89.587 NaN
89.759 NaN
89.857 NaN
89.958 NaN
89.996 NaN
90.026 NaN
90.038 NaN
90.065 NaN
90.08 NaN
90.091 NaN
90.211 NaN
90.223 NaN
90.283 NaN
90.327 NaN
90.342 NaN
90.392 NaN
90.453 NaN
90.491 NaN
90.498 NaN
90.52 NaN
90.573 NaN
90.811 NaN
90.831 NaN
90.896 NaN
91.028 NaN
91.046 NaN
91.207 NaN
91.296 NaN
91.314 NaN
91.454 NaN
91.611 NaN
91.68 NaN
91.756 NaN
91.794 NaN
91.809 NaN
91.876 NaN
91.911 NaN
91.961 NaN
91.984 NaN
92.159 NaN
92.172 NaN
92.31 NaN
92.343 NaN
92.364 NaN
92.394 NaN
92.414 NaN
92.437 NaN
92.65 NaN
92.66 NaN
92.717 NaN
92.725 NaN
92.806 NaN
92.841 NaN
92.912 NaN
92.935 NaN
92.944 NaN
93.011 NaN
93.096 NaN
93.098 NaN
93.156 NaN
93.16 NaN
93.222 NaN
93.227 NaN
93.347 NaN
93.428 NaN
93.511 NaN
93.545 NaN
93.627 NaN
93.665 NaN
93.681 NaN
93.791 NaN
94.005 NaN
94.136 NaN
94.179 NaN
94.272 NaN
94.394 NaN
94.49 NaN
94.564 NaN
94.645 NaN
94.923 NaN
95.191 NaN
95.317 NaN
95.409 NaN
95.463 NaN
95.491 NaN
95.644 NaN
95.737 NaN
95.922 NaN
96.097 NaN
96.104 NaN
96.146 NaN
96.155 NaN
96.16 NaN
96.307 NaN
96.379 NaN
96.428 NaN
96.451 NaN
96.454 NaN
96.629 NaN
96.647 NaN
96.732 NaN
97.036 NaN
97.171 NaN
97.258 NaN
97.316 NaN
97.395 NaN
97.439 NaN
97.478 NaN
97.508 NaN
97.6 NaN
97.605 NaN
97.668 NaN
97.67 NaN
97.755 NaN
97.829 NaN
97.842 NaN
97.861 NaN
97.907 NaN
98.036 NaN
98.147 NaN
98.198 NaN
98.497 NaN
98.656 NaN
98.698 NaN
98.736 NaN
98.754 NaN
98.829 NaN
99.058 NaN
99.22 NaN
99.315 NaN
99.344 NaN
99.365 NaN
99.436 NaN
99.458 NaN
99.506 NaN
99.522 NaN
99.526 NaN
99.691 NaN
99.705 NaN
99.705 NaN
99.712 NaN
99.97 NaN
100.02 NaN
100.04 NaN
100.05 NaN
100.05 NaN
100.16 NaN
100.23 NaN
100.26 NaN
100.32 NaN
100.34 NaN
100.42 NaN
100.48 NaN
100.52 NaN
100.53 NaN
100.89 NaN
100.9 NaN
101.1 NaN
101.2 NaN
101.33 NaN
101.38 NaN
101.53 NaN
101.55 NaN
101.6 NaN
101.62 NaN
101.64 NaN
101.69 NaN
101.72 NaN
101.74 NaN
101.76 NaN
101.8 NaN
101.84 NaN
101.91 NaN
101.98 NaN
102.04 NaN
102.05 NaN
102.24 NaN
102.28 NaN
102.31 NaN
102.35 NaN
102.61 NaN
102.63 NaN
102.66 NaN
102.68 NaN
102.91 NaN
102.98 NaN
103.02 NaN
103.03 NaN
103.07 NaN
103.08 NaN
103.13 NaN
103.17 NaN
103.17 NaN
103.26 NaN
103.55 NaN
103.58 NaN
103.6 NaN
103.7 NaN
103.73 NaN
103.77 NaN
103.84 NaN
103.91 NaN
104.15 NaN
104.18 NaN
104.19 NaN
104.44 NaN
104.47 NaN
104.49 NaN
104.56 NaN
104.58 NaN
104.6 NaN
104.72 NaN
105.01 NaN
105.15 NaN
105.21 NaN
105.28 NaN
105.37 NaN
105.54 NaN
105.57 NaN
105.73 NaN
105.83 NaN
105.87 NaN
105.92 NaN
105.94 NaN
106 NaN
106.05 NaN
106.09 NaN
106.17 NaN
106.18 NaN
106.21 NaN
106.25 NaN
106.33 NaN
106.45 NaN
106.47 NaN
106.58 NaN
106.63 NaN
106.71 NaN
106.75 NaN
106.76 NaN
106.76 NaN
106.8 NaN
106.84 NaN
106.9 NaN
107.1 NaN
107.17 NaN
107.6 NaN
107.64 NaN
107.72 NaN
107.8 NaN
107.8 NaN
108.17 NaN
108.22 NaN
108.32 NaN
108.51 NaN
108.57 NaN
108.58 NaN
108.67 NaN
108.87 NaN
108.91 NaN
109.01 NaN
109.02 NaN
109.1 NaN
109.12 NaN
109.13 NaN
109.34 NaN
109.53 NaN
109.57 NaN
109.65 NaN
109.67 NaN
109.85 NaN
109.94 NaN
110.06 NaN
110.06 NaN
110.16 NaN
110.18 NaN
110.28 NaN
110.38 NaN
110.43 NaN
110.57 NaN
110.67 NaN
110.68 NaN
110.7 NaN
110.73 NaN
110.9 NaN
110.92 NaN
110.99 NaN
111.05 NaN
111.05 NaN
111.08 NaN
111.27 NaN
111.28 NaN
111.37 NaN
111.51 NaN
111.52 NaN
111.65 NaN
111.66 NaN
111.66 NaN
111.67 NaN
111.71 NaN
111.78 NaN
111.82 NaN
111.93 NaN
112.01 NaN
112.17 NaN
112.23 NaN
112.24 NaN
112.39 NaN
112.39 NaN
112.41 NaN
112.69 NaN
112.73 NaN
112.73 NaN
112.78 NaN
112.93 NaN
113.04 NaN
113.38 NaN
113.44 NaN
113.52 NaN
113.55 NaN
113.57 NaN
113.58 NaN
113.7 NaN
113.79 NaN
114 NaN
114.03 NaN
114.06 NaN
114.14 NaN
114.36 NaN
114.38 NaN
114.65 NaN
114.73 NaN
114.76 NaN
115.35 NaN
115.4 NaN
115.43 NaN
115.57 NaN
115.65 NaN
115.66 NaN
115.67 NaN
115.67 NaN
115.67 NaN
115.7 NaN
115.85 NaN
115.9 NaN
116.01 NaN
116.12 NaN
116.17 NaN
116.22 NaN
116.39 NaN
116.42 NaN
116.44 NaN
116.54 NaN
116.56 NaN
116.6 NaN
116.7 NaN
116.7 NaN
116.72 NaN
116.79 NaN
116.96 NaN
117.33 NaN
117.34 NaN
117.36 NaN
117.53 NaN
117.78 NaN
117.84 NaN
117.97 NaN
118.14 NaN
118.3 NaN
118.57 NaN
118.6 NaN
118.65 NaN
118.65 NaN
118.77 NaN
118.96 NaN
119.01 NaN
119.1 NaN
119.23 NaN
119.23 NaN
119.35 NaN
119.57 NaN
119.61 NaN
119.62 NaN
119.63 NaN
119.78 NaN
119.81 NaN
119.88 NaN
120.06 NaN
120.1 NaN
120.16 NaN
120.36 NaN
120.47 NaN
120.64 NaN
120.76 NaN
120.86 NaN
120.88 NaN
120.99 NaN
121.02 NaN
121.37 NaN
121.63 NaN
121.81 NaN
121.89 NaN
121.99 NaN
122.23 NaN
122.35 NaN
122.62 NaN
123.03 NaN
123.28 NaN
123.32 NaN
123.47 NaN
123.54 NaN
123.61 NaN
123.65 NaN
123.67 NaN
123.79 NaN
123.94 NaN
124.02 NaN
124.17 NaN
124.24 NaN
124.41 NaN
124.64 NaN
124.71 NaN
124.78 NaN
124.96 NaN
124.98 NaN
125.12 NaN
125.24 NaN
125.57 NaN
125.81 NaN
126.04 NaN
126.17 NaN
126.78 NaN
126.79 NaN
126.8 NaN
126.95 NaN
126.96 NaN
127.08 NaN
127.18 NaN
127.22 NaN
127.24 NaN
127.28 NaN
127.38 NaN
127.9 NaN
127.93 NaN
127.95 NaN
128.1 NaN
128.11 NaN
128.14 NaN
128.2 NaN
128.42 NaN
128.43 NaN
128.84 NaN
128.9 NaN
128.92 NaN
129.11 NaN
129.13 NaN
129.14 NaN
129.24 NaN
129.43 NaN
129.45 NaN
129.98 NaN
130.05 NaN
130.08 NaN
130.16 NaN
130.55 NaN
130.76 NaN
130.77 NaN
130.79 NaN
131.77 NaN
132.18 NaN
132.19 NaN
132.53 NaN
132.65 NaN
132.76 NaN
132.87 NaN
132.88 NaN
132.92 NaN
132.94 NaN
132.95 NaN
133.52 NaN
133.56 NaN
133.6 NaN
133.85 NaN
133.9 NaN
134.03 NaN
134.12 NaN
134.14 NaN
134.35 NaN
134.38 NaN
134.55 NaN
134.68 NaN
134.91 NaN
134.97 NaN
135.13 NaN
135.2 NaN
135.21 NaN
135.27 NaN
135.41 NaN
135.71 NaN
135.77 NaN
136.11 NaN
136.36 NaN
136.42 NaN
136.64 NaN
136.94 NaN
136.96 NaN
137.16 NaN
137.2 NaN
137.3 NaN
137.31 NaN
137.38 NaN
137.72 NaN
137.91 NaN
137.91 NaN
138.17 NaN
138.19 NaN
138.32 NaN
138.54 NaN
138.7 NaN
138.71 NaN
138.82 NaN
138.82 NaN
138.86 NaN
139.34 NaN
139.37 NaN
139.38 NaN
139.5 NaN
139.51 NaN
139.8 NaN
139.99 NaN
140.06 NaN
140.29 NaN
140.33 NaN
140.72 NaN
141.24 NaN
141.28 NaN
141.5 NaN
141.51 NaN
141.51 NaN
141.89 NaN
142.09 NaN
142.13 NaN
142.45 NaN
142.82 NaN
142.83 NaN
142.93 NaN
142.96 NaN
143.25 NaN
143.25 NaN
143.5 NaN
143.53 NaN
143.57 NaN
143.61 NaN
143.62 NaN
143.62 NaN
144.01 NaN
144.05 NaN
144.26 NaN
144.47 NaN
144.74 NaN
144.85 NaN
144.93 NaN
145.25 NaN
145.28 NaN
145.47 NaN
145.62 NaN
145.7 NaN
145.79 NaN
145.9 NaN
145.93 NaN
146.04 NaN
146.08 NaN
146.2 NaN
146.25 NaN
146.25 NaN
146.44 NaN
146.72 NaN
146.73 NaN
146.8 NaN
146.95 NaN
147.11 NaN
147.3 NaN
147.64 NaN
148.32 NaN
148.36 NaN
148.42 NaN
149.65 NaN
149.72 NaN
149.75 NaN
150.04 NaN
150.04 NaN
150.26 NaN
150.38 NaN
150.4 NaN
150.52 NaN
150.54 NaN
150.63 NaN
150.78 NaN
150.84 NaN
151.15 NaN
151.24 NaN
151.35 NaN
151.72 NaN
151.99 NaN
152.04 NaN
152.08 NaN
152.35 NaN
152.81 NaN
152.82 NaN
152.9 NaN
153.03 NaN
153.69 NaN
153.82 NaN
153.93 NaN
154.16 NaN
154.17 NaN
154.45 NaN
154.52 NaN
154.61 NaN
154.78 NaN
155.17 NaN
155.4 NaN
155.54 NaN
155.69 NaN
155.74 NaN
155.79 NaN
155.97 NaN
156.72 NaN
157.21 NaN
157.26 NaN
157.65 NaN
157.65 NaN
157.79 NaN
158 NaN
158.1 NaN
158.11 NaN
158.22 NaN
158.66 NaN
158.68 NaN
158.94 NaN
159.21 NaN
159.62 NaN
159.75 NaN
160.33 NaN
160.33 NaN
160.69 NaN
161.83 NaN
161.98 NaN
162.04 NaN
162.07 NaN
162.1 NaN
162.12 NaN
162.24 NaN
162.73 NaN
162.76 NaN
163 NaN
163.46 NaN
163.47 NaN
163.82 NaN
164.04 NaN
164.44 NaN
164.45 NaN
164.47 NaN
164.6 NaN
164.82 NaN
165.08 NaN
165.53 NaN
165.77 NaN
166.76 NaN
167.22 NaN
167.42 NaN
167.46 NaN
167.94 NaN
168.21 NaN
168.58 NaN
168.69 NaN
168.94 NaN
169.5 NaN
169.55 NaN
169.91 NaN
170.03 NaN
170.04 NaN
170.25 NaN
170.38 NaN
171.17 NaN
171.4 NaN
171.47 NaN
171.57 NaN
171.89 NaN
172.75 NaN
172.79 NaN
172.86 NaN
173.8 NaN
173.89 NaN
174.09 NaN
174.74 NaN
174.82 NaN
174.96 NaN
175.76 NaN
176.25 NaN
176.57 NaN
176.69 NaN
177.18 NaN
177.23 NaN
177.3 NaN
177.6 NaN
177.63 NaN
177.66 NaN
177.82 NaN
177.94 NaN
178 NaN
178.19 NaN
178.65 NaN
178.73 NaN
179.1 NaN
179.44 NaN
179.59 NaN
179.82 NaN
180 NaN
180.63 NaN
180.88 NaN
181.16 NaN
181.86 NaN
182.5 NaN
182.62 NaN
182.97 NaN
183.08 NaN
183.28 NaN
183.99 NaN
185.05 NaN
185.4 NaN
185.81 NaN
185.93 NaN
186.45 NaN
186.84 NaN
187.15 NaN
187.67 NaN
187.88 NaN
188.84 NaN
189.33 NaN
189.92 NaN
190.26 NaN
190.39 NaN
190.8 NaN
190.93 NaN
191.06 NaN
191.31 NaN
191.81 NaN
191.98 NaN
192.25 NaN
192.57 NaN
192.58 NaN
192.58 NaN
193.02 NaN
193.22 NaN
194.03 NaN
194.27 NaN
194.8 NaN
195.14 NaN
195.39 NaN
195.61 NaN
196.46 NaN
196.89 NaN
197.09 NaN
197.1 NaN
197.51 NaN
198.19 NaN
198.49 NaN
198.54 NaN
198.66 NaN
199.45 NaN
200.13 NaN
200.58 NaN
200.96 NaN
201.07 NaN
201.33 NaN
201.74 NaN
201.95 NaN
201.97 NaN
202.4 NaN
202.71 NaN
202.78 NaN
204.24 NaN
204.46 NaN
205.4 NaN
205.45 NaN
205.68 NaN
206.41 NaN
206.47 NaN
206.53 NaN
206.73 NaN
206.76 NaN
207.21 NaN
207.5 NaN
208.95 NaN
209.18 NaN
209.42 NaN
209.73 NaN
210.55 NaN
210.83 NaN
211.22 NaN
211.29 NaN
211.99 NaN
212.11 NaN
212.3 NaN
213.2 NaN
213.56 NaN
213.79 NaN
214.84 NaN
215.16 NaN
215.65 NaN
215.66 NaN
215.93 NaN
216.86 NaN
217.04 NaN
217.38 NaN
217.71 NaN
218.04 NaN
218.44 NaN
219.12 NaN
219.61 NaN
219.84 NaN
220.34 NaN
220.8 NaN
220.87 NaN
221.08 NaN
221.54 NaN
222.31 NaN
222.56 NaN
222.57 NaN
223.13 NaN
223.22 NaN
224.07 NaN
224.17 NaN
224.35 NaN
224.74 NaN
225.11 NaN
225.72 NaN
225.96 NaN
226.8 NaN
227.29 NaN
227.43 NaN
227.44 NaN
229 NaN
229.3 NaN
229.52 NaN
229.93 NaN
230.8 NaN
232.08 NaN
232.38 NaN
232.81 NaN
233.44 NaN
233.94 NaN
234.49 NaN
236.1 NaN
236.2 NaN
236.33 NaN
237.54 NaN
238.12 NaN
238.99 NaN
240.02 NaN
240.4 NaN
241.64 NaN
241.8 NaN
242.9 NaN
243.25 NaN
243.95 NaN
244.32 NaN
244.8 NaN
246.26 NaN
247.79 NaN
247.93 NaN
248.16 NaN
248.76 NaN
248.87 NaN
249.92 NaN
250.41 NaN
250.49 NaN
250.51 NaN
250.89 NaN
251.24 NaN
251.54 NaN
252.86 NaN
254.05 NaN
254.5 NaN
257.06 NaN
257.12 NaN
258.74 NaN
259.49 NaN
261.83 NaN
262.64 NaN
262.97 NaN
263.08 NaN
263.47 NaN
263.98 NaN
264.07 NaN
264.28 NaN
264.65 NaN
264.68 NaN
265.11 NaN
265.19 NaN
265.37 NaN
265.59 NaN
267.55 NaN
267.56 NaN
267.75 NaN
269.08 NaN
269.69 NaN
269.86 NaN
270.16 NaN
270.5 NaN
271.25 NaN
271.74 NaN
272.13 NaN
272.24 NaN
272.24 NaN
273.89 NaN
275.74 NaN
278.8 NaN
279.73 NaN
280.06 NaN
286.04 NaN
286.84 NaN
286.97 NaN
289.51 NaN
290.15 NaN
292.3 NaN
293.54 NaN
294.41 NaN
298.86 NaN
300.8 NaN
301.44 NaN
301.78 NaN
304.2 NaN
304.83 NaN
306.11 NaN
307.02 NaN
307.49 NaN
309.35 NaN
311.47 NaN
311.99 NaN
312.35 NaN
316.19 NaN
317.8 NaN
318.02 NaN
319.09 NaN
319.11 NaN
320.45 NaN
321.65 NaN
326.12 NaN
330.52 NaN
332.61 NaN
332.66 NaN
333.82 NaN
334.09 NaN
335.79 NaN
336.59 NaN
337.03 NaN
342.05 NaN
349.1 NaN
352.45 NaN
352.58 NaN
355.26 NaN
358.47 NaN
362.98 NaN
364.6 NaN
369.76 NaN
379.82 NaN
383.64 NaN
384.8 NaN
390.19 NaN
392.8 NaN
393.67 NaN
395.36 NaN
401.03 NaN
403.52 NaN
408.71 NaN
408.94 NaN
415.93 NaN
419.58 NaN
431.6 NaN
434.45 NaN
434.95 NaN
438.83 NaN
442.42 NaN
443.42 NaN
451.54 NaN
452.96 NaN
453.86 NaN
456.89 NaN
457.2 NaN
459.19 NaN
461.65 NaN
463.09 NaN
467.95 NaN
476.91 NaN
488.11 NaN
494.38 NaN
499.66 NaN
506.53 NaN
509.97 NaN
521.27 NaN
521.49 NaN
537.2 NaN
562.24 NaN
586.33 NaN
607.35 NaN
621.7 NaN
626.39 NaN
634.05 NaN
638.37 NaN
686.29 NaN
686.9 NaN
833.47 NaN
965.77 NaN
1057 NaN
1540.3 NaN
