0 0 0
0 0 0
0 0 0
0.12598 3663.1 0.18914
0.24054 6196.8 0.38454
0.24054 11739 0.97471
0.28648 36.524 2.5823
0.2875 0.83086 0.19887
0.29267 43.744 2.8484
0.3025 0.0020957 26.823
0.34029 5.1988 27.449
0.3612 1863.2 0.011697
0.44286 6.0928 16.924
0.48612 0.012011 18.73
0.51068 956.56 0.044886
0.56017 0.38252 655.91
0.58265 45.143 0.0022375
0.65645 12.69 17.991
0.69131 339.73 0.014024
0.79552 14.2 0.14399
0.81293 9.9956 12.193
0.81866 111.38 1.0299
0.88781 37.456 0.0027801
0.90449 22.701 0.0020656
0.9139 0.020709 2.5936
0.91757 0.011707 3.5032
0.94674 0.023957 18.109
1.0568 14.192 0.0013463
1.0783 10.286 4.8871
1.0813 15.572 3.7022
1.1609 0.00039135 6.4596
1.1856 0.66814 7.822
1.2094 0.7013 9.5692
1.2363 0.0004818 8.5966
1.254 8.121 3.3832
1.2687 0.031105 0.0021322
1.3353 0.039128 0.0030352
1.42 0.0023051 1.0132
1.4524 0.0032801 0.033798
1.4613 96.597 0.0060745
1.4715 2.7984 0.0018542
1.4837 22.852 15.042
1.4923 0.00058248 1.9499
1.5614 0.86186 1.0001
1.6173 0.0053716 0.77627
1.6379 6.1818 3.4566
1.6472 4.43 0.0017342
1.6531 1.9383 1.4149
1.7645 0.00042648 7.7105
1.7645 0.030218 23.376
1.8427 10.771 22.652
1.8434 0.24189 5.771
1.8991 0.0047168 0.0019911
1.951 0.00032449 0.0010936
1.9555 0.059763 5.8196e-07
1.9906 8.2211 13.482
2.0238 2.5726e-05 0.12275
2.0621 0.27243 8.055e-05
2.0718 1.081e-05 0.18667
2.1011 0.033832 0.025302
2.1352 1.7142 1.542
2.1554 0.0002463 1.8861
2.179 0.0054601 0.029497
2.2028 0.71094 0.6368
2.2233 0.42268 0.14611
2.2369 0.00034621 6.5899
2.2674 340.45 0.0050828
2.291 0.044008 1.069
2.4359 0.023548 0.11686
2.4421 9.6927e-06 0.13777
2.4564 0.077343 7.7188e-07
2.6193 0.19985 4.823e-05
2.6284 0.039122 0.011954
2.6662 0.64209 456.17
2.7708 2.2653e-05 0.0093892
2.9097 0.022044 21.268
2.9114 0.001096 3.2557
2.9297 175.2 0.0064491
2.9994 0.24216 271.52
3.0373 64.989 109.14
3.0516 6.5239 362.72
3.0964 52.215 176.25
3.1022 6.584 3.3445
3.1617 3.1165 3.515
3.2312 0.054716 86.428
3.3353 0.03675 109.85
3.4066 0.13242 195.69
3.4131 3.278 0.28625
3.4605 89.624 108.92
3.4745 0.048084 47.545
3.6297 0.0063028 0.0034865
3.6784 57.583 61.463
3.6926 163.16 0.0067622
3.8218 0.032321 17.954
3.8899 0.068156 51.486
3.8951 99.436 71.319
3.9382 0.086834 92.869
4.046 73.528 25.534
4.1008 0.039441 38.607
4.1242 0.0058647 177.24
4.1799 62.232 54.69
4.1875 0.050959 21.942
4.2073 48.894 180.47
4.2351 96.967 28.124
4.3708 0.042106 18.696
4.387 91.311 183.07
4.4075 78.756 10.862
4.4201 0.55915 0.11085
4.4315 1.0046 0.34927
4.4635 86.327 60.571
4.5478 211.82 0.0036378
4.6566 0.021625 0.005058
4.676 0.29534 181.64
4.6792 0.39548 204.55
4.6918 69.125 6.845
4.7486 0.10899 62.831
4.7853 0.029604 17.681
4.8033 0.022744 15.115
4.8133 66.921 13.173
4.8297 73.777 1.5659
4.9156 0.015887 6.7473
4.9161 6634.6 0.26988
4.9287 0.020881 5.9052
5.0014 0.40612 21.894
5.012 0.013079 8.1748
5.016 5.0058 67.173
5.039 124.06 162.1
5.0537 1156.9 5667.2
5.0584 0.052737 108.93
5.0782 15.484 65.533
5.0975 0.11306 109.65
5.1585 0.073248 92.461
5.161 337.74 0.017041
5.1709 25.566 9.3745
5.1752 49.071 0.0017982
5.2623 33.509 5.4547
5.2693 2.4117 203.16
5.2697 0.25555 2.1121
5.3607 4.1631 90.306
5.4218 63.856 26.22
5.4433 0.03166 0.0036741
5.4587 145.18 173.69
5.527 53.112 84.806
5.612 54.879 5.1773
5.6363 201.18 0.0025748
5.6861 0.0071666 48.243
5.7295 0.024934 0.0035837
5.7376 0.023116 93.352
5.7458 0.097822 15.666
5.7642 0.42965 32.374
5.7773 0.13768 18.095
5.913 22.562 102.99
5.9147 0.026483 123.4
5.9202 197.34 0.0089883
5.9368 0.021399 7.3614
5.9522 0.041858 151.07
5.9774 0.012645 6.5835
5.9827 35.383 0.0010503
6.1115 35.686 34.282
6.142 42.078 11.397
6.1604 63.25 95.462
6.2752 57.43 0.0015602
6.2973 64.023 8.0509
6.3976 0.33188 94.814
6.3979 4.2882 96.236
6.4273 35.616 31.264
6.4501 121.03 119.22
6.4793 0.077806 0.0054653
6.4932 49.749 10.942
6.5422 0.51221 0.053202
6.5988 0.0015449 430.82
6.6177 0.5496 0.049348
6.6202 83.287 12.797
6.6865 0.056991 29.998
6.6947 61.933 73.921
6.6954 50.97 315.2
6.8011 2.4792 17.106
6.82 0.091376 9.3237
6.8425 2.7942 0.089893
6.8477 0.14933 26.067
6.8591 0.038365 0.0026925
6.8884 2.3439 0.06439
6.9912 63.647 197.97
6.9938 118.72 104.27
6.994 0.050235 10.524
7.0027 0.049376 18.723
7.0095 49.179 54.458
7.0294 0.0003049 0.32967
7.0317 0.048252 0.34134
7.0388 84.344 19.179
7.0434 10.307 0.0097035
7.0457 34.447 0.000541
7.0899 1.476 0.0034618
7.2298 51.356 6.5239
7.2619 21.41 0.00024763
7.3212 150.56 0.0083217
7.3398 0.0018199 5.9944
7.3475 0.71554 54.124
7.3519 145.14 38.514
7.3534 0.4888 41.116
7.3578 0.01788 0.031339
7.3681 62.878 11.252
7.382 0.12582 1342.1
7.3842 2.0066 0.073907
7.3989 5.2874 0.09797
7.4092 17.025 3.6548
7.4107 5.0419 8.6638
7.4246 0.028614 163.71
7.4305 6.3848 14.253
7.432 4.6381 1.5119
7.4415 0.055109 308.29
7.5694 0.03397 26.857
7.5789 0.5367 114.92
7.5834 0.31939 72.708
7.5885 0.011094 0.49761
7.5951 8.3423 0.32349
7.5995 0.071549 7.6315
7.6076 52.83 5.4316
7.6252 0.09426 58.396
7.6561 16.775 0.085082
7.6737 8.1338 0.044558
7.7002 64.271 45.426
7.7097 0.092045 60.381
7.7266 81.991 15.657
7.7311 3.257 0.070183
7.7818 29.101 0.030628
7.8244 0.046278 0.37512
7.8714 95.193 0.049678
7.9456 0.0097671 6.52
7.953 168 0.005706
7.9581 0.76414 4.6931
7.9809 0.98709 9.4645
7.9949 0.46924 4.9881
8.0051 43.491 40.25
8.0081 4.9941 0.014047
8.0206 0.023662 0.62237
8.0279 0.046979 0.029133
8.0419 87.7 135.15
8.0536 39.625 0.33143
8.0588 33.394 33.605
8.0603 188.44 0.0098108
8.0705 0.61746 0.088067
8.1139 0.018527 15.579
8.1146 0.018458 14.71
8.1764 93.342 69.941
8.1815 22.053 0.13596
8.2116 0.0031895 131.74
8.216 32.652 0.35167
8.2226 22.169 0.0082407
8.2638 21.046 137.94
8.3255 97.579 46.396
8.341 0.081766 0.27909
8.3446 27.964 118.75
8.3593 57.406 3.4005
8.413 1.7874 29.632
8.4159 0.027045 2.5236
8.4431 48.146 0.052606
8.4681 1.0729 22.707
8.4798 0.010424 108.27
8.5041 75.964 14.328
8.5195 0.0093583 140.45
8.5908 52.822 0.019293
8.5937 5.3747 2745.4
8.6026 0.053857 2.1249
8.6797 0.12988 61.183
8.7098 76.389 171.67
8.7289 67.411 3.9674
8.7525 140.08 159.37
8.7649 0.057391 0.46377
8.773 1.6383 0.065808
8.7745 53.753 0.018646
8.7752 1.2754 0.046327
8.8105 88.899 67.769
8.8149 68.54 18.94
8.8171 0.70453 0.36003
8.9068 59.367 10.996
8.9325 0.86106 0.076874
8.9501 41.532 0.029443
8.9523 0.08801 0.14791
8.9582 88.288 149.41
9.0096 44.892 35.225
9.0515 0.23239 2.4872
9.0559 139.92 0.0021388
9.0941 0.044466 6.2826
9.1133 2.6076 29.843
9.1625 32.933 9.6348
9.1897 66.409 0.002428
9.222 99.986 0.017179
9.2352 39.702 0.023754
9.2455 0.23897 148.74
9.2536 0.20178 115.83
9.283 0.016424 16.285
9.3006 0.015853 10.178
9.3308 95.805 56.608
9.394 0.048972 4.4985
9.4028 1.0244 57.876
9.4594 0.99696 57.177
9.4616 109.12 0.067918
9.4638 2781.2 1.4918
9.4748 101.21 4.1287
9.4954 169.44 0.014599
9.5108 0.05018 175.97
9.527 0.036007 0.53231
9.5431 0.052113 132.59
9.5806 88.852 130.84
9.6137 0.13216 35.942
9.6151 0.020516 7.1956
9.6489 0.11151 5.3371
9.6658 0.046988 0.15038
9.682 79.511 13.52
9.6945 80.996 7.2981
9.6989 0.0019352 44.214
9.7129 0.21219 56.066
9.7129 3.93 16.753
9.7217 0.4297 7.0573
9.7621 0.98341 16.85
9.7628 0.27937 1.7078
9.8231 1.7253 46.483
9.829 0.034643 136.48
9.8363 11.32 70.452
9.8664 1.249 27.005
9.8701 64.272 3.4052
9.9149 0.030569 88.531
9.9355 0.030016 105.14
9.9363 96.379 131.34
9.9473 41.054 0.0093211
9.9767 78.012 0.1175
9.998 0.047842 214.02
10.057 25.73 0.11774
10.057 92.616 46.705
10.06 17.414 85.382
10.064 10.547 6.4029
10.064 93.464 14.93
10.118 14.655 0.030289
10.141 5.441 15.155
10.159 8.4864 0.070082
10.18 2425.3 5.3748
10.199 135.14 0.0072438
10.204 16.214 33.053
10.207 0.022425 7.0104
10.229 78.277 0.14959
10.271 0.21278 162.87
10.293 0.006387 103.08
10.293 11.055 2.8964
10.297 0.55562 160.21
10.316 0.020243 2.9983
10.34 134.58 0.20429
10.355 0.0061649 75.558
10.362 224.78 171.01
10.43 0.074483 12.366
10.448 1.4271 23.473
10.453 0.075599 7.3651
10.459 35.139 87.287
10.52 0.44119 62.999
10.531 0.069922 1.8446
10.567 0.085112 1.3615
10.584 0.019791 0.035395
10.598 0.6883 22.805
10.604 97.793 2.0669
10.609 0.0047528 0.045732
10.631 1.7749 2.8925
10.645 2.3352 1.0424
10.694 108.18 47.667
10.7 0.034288 53.877
10.702 0.020979 35.056
10.728 0.072022 21.561
10.728 45.331 44.491
10.761 78.761 0.06768
10.762 47.415 79.695
10.807 50.37 8.0863
10.908 0.96267 0.017853
10.911 1.151 0.022106
10.935 71.034 0.082213
10.944 89.807 2.6167
10.983 28.489 29.056
10.986 0.051097 49.752
11 33.224 3.0361
11.011 58.259 0.0017516
11.012 52.598 0.026685
11.13 0.034829 107.01
11.144 53.286 8.6628
11.153 53.717 46.923
11.158 14.413 0.0043564
11.171 8.4214 9.6782
11.188 0.058554 129.15
11.216 0.021437 15.784
11.221 177.96 116.89
11.24 0.065594 0.085117
11.242 94.286 0.055301
11.242 99.162 0.0017666
11.263 0.11963 0.60877
11.299 0.30549 40.879
11.321 85.901 15.365
11.347 0.0097142 2.8122
11.358 0.33154 47.831
11.367 87.588 143.2
11.401 0.024835 6.2835
11.473 0.053929 6.0717
11.498 0.03719 57.924
11.505 63.853 6.7994
11.512 1.064 1.1837
11.53 1.1568 0.52587
11.556 79.763 0.065497
11.559 0.0084976 20.371
11.576 52.261 2.0724
11.586 72.15 113.16
11.593 40.862 8.8186
11.606 0.11598 21.916
11.611 121.63 0.0072708
11.626 0.0025106 23.802
11.634 0.05807 46.056
11.706 0.009433 0.67948
11.731 0.085643 0.060169
11.748 32.019 0.22487
11.76 20.268 3.5188
11.777 0.0088699 102.68
11.781 4.7211 20.871
11.783 9.2603 60.772
11.797 35.248 0.056618
11.8 0.0072198 50.051
11.806 3.1974 20.87
11.817 0.078224 76.161
11.821 12.949 16.928
11.836 0.21389 87.602
11.842 0.15315 91.984
11.845 0.01829 6.8259
11.864 65.977 6.0338
11.914 0.026771 109.78
11.931 0.86873 9.2241
11.948 100.46 35.301
11.949 0.00074842 19.643
11.95 24.668 83.881
11.958 0.046114 0.086285
11.973 46.341 0.10226
11.981 39.148 17.137
12.023 26.936 6.3316
12.041 13.023 55.419
12.053 0.047227 0.11231
12.071 32.676 36.179
12.075 9.0534 18.982
12.091 45.96 0.02272
12.105 0.70142 66.367
12.108 0.0044065 76.775
12.145 0.67604 33.536
12.155 0.05654 92.842
12.163 0.068548 0.03707
12.194 42.791 1.1884
12.227 0.007416 42.886
12.227 15.595 0.010526
12.231 0.056185 1.8812
12.253 0.10935 0.75161
12.259 25.598 67.004
12.263 38.036 0.017783
12.288 0.02659 24.469
12.294 0.034152 36.522
12.295 109.78 0.0068837
12.309 0.027063 2.8325
12.31 532.46 2.0953
12.311 0.021329 0.15001
12.311 82.663 0.00014907
12.322 51.366 47.506
12.325 0.04437 67.468
12.339 11.15 59.925
12.341 11.6 43.833
12.362 0.035838 95.753
12.366 20.146 28.237
12.378 2.8534 34.93
12.4 5.3464 4.303
12.402 0.12715 0.059477
12.499 42.308 37.227
12.502 11.734 1.9484
12.524 0.041048 28.338
12.526 27.435 47.215
12.533 0.0075483 31.875
12.542 0.035734 46.807
12.546 0.0031993 3.2539
12.571 95.075 27.388
12.587 9.9867 51.008
12.589 0.0039533 4.3316
12.593 40.031 0.015816
12.601 0.028572 10.284
12.626 0.042477 20.65
12.629 22.432 0.013166
12.639 0.083468 0.043274
12.66 0.017248 0.11342
12.675 0.015611 62.039
12.684 33.111 61.109
12.705 7.5546 2.0501
12.741 0.014873 21.844
12.805 11.729 10.423
12.809 0.021567 63.575
12.829 2.0639 16.431
12.835 0.0084022 18.053
12.84 0.024078 44.012
12.845 9.6737 17.316
12.851 6.692 25.049
12.865 17.868 41.215
12.869 0.024468 42.743
12.876 9.941 7.3735
12.897 1.2832 4.3725
12.901 0.00068158 22.477
12.912 0.96888 1859
12.952 1.0081 0.0096327
12.96 0.006465 0.036661
12.989 5.4242 68.952
13.017 0.82917 0.0065423
13.017 11.204 0.0062278
13.034 106.46 50.632
13.042 34.405 0.0029973
13.042 59.999 57.594
13.081 29.608 95.147
13.097 66.421 61.634
13.1 0.006822 27.157
13.114 0.02639 10.326
13.164 0.0054742 41.476
13.197 0.32875 21.444
13.224 0.35619 26.338
13.227 67.186 74.256
13.246 0.019671 25.727
13.255 75.401 0.0013611
13.261 10.973 8.0725
13.262 0.078015 78.242
13.28 0.029466 48.419
13.294 2.6695 0.0037904
13.295 80.86 67.914
13.309 0.03098 61.267
13.323 2.1335 0.015029
13.339 45.397 2.2798
13.364 4.9323 8.8142
13.383 0.020801 0.17202
13.416 2.4277 0.012913
13.428 0.18021 145.74
13.458 0.11995 35.477
13.478 0.35896 196.54
13.483 48.497 58.996
13.541 0.70719 27.863
13.553 87.364 66.708
13.569 0.69442 63.217
13.648 30.451 60.204
13.649 25.629 0.055552
13.652 122.36 0.007721
13.661 6.5302 0.0095007
13.668 17.874 5.9431
13.676 38.734 58.874
13.69 38.355 69.941
13.706 27.824 0.011874
13.724 2.6343 0.026266
13.743 0.013943 1.1876
13.749 0.011195 63.926
13.752 0.031983 82.215
13.776 7.7755e-05 0.21424
13.782 0.026985 173.08
13.802 77.968 14.815
13.806 27.348 100.17
13.82 0.014188 39.381
13.913 19.056 4.5505
13.921 0.03699 50.99
13.962 76.238 30.471
13.967 0.011307 67.236
13.969 65.983 38.487
13.979 0.0069564 55.683
14.089 39.36 55.429
14.148 93.129 3.6273
14.163 117.93 94.146
14.298 104.7 0.0035262
14.317 24.566 35.549
14.329 0.015188 17.175
14.331 0.045148 25.032
14.391 60.502 0.0012657
14.412 85.167 12.66
14.43 91.633 81.227
14.443 0.080482 18.299
14.483 0.017234 9.15
14.546 0.020639 68.458
14.559 0.086683 28.371
14.559 0.0019243 26.908
14.6 0.0070308 64.637
14.616 27.57 18.915
14.686 122.94 33.488
14.761 28.686 37.541
14.792 0.012569 136.08
14.823 0.053033 22.333
14.851 0.00073796 2.1941
14.874 0.04314 1.8287
14.909 79.291 0.00082365
14.933 0.071562 2.5668
14.936 54.029 82.684
14.954 99.16 41.908
14.981 0.36663 7.499
15.037 0.44079 5.9193
15.046 69.74 0.0078184
15.079 37.596 108.59
15.126 0.00058205 97.324
15.128 35.658 39.16
15.139 10.754 1.2634
15.159 0.020311 112.22
15.204 11.024 12.753
15.285 0.0069722 42.783
15.387 27.865 0.011242
15.481 83.973 78.934
15.552 41.455 0.81905
15.594 0.91519 7.2844
15.604 73.68 0.0049891
15.677 55.389 104.97
15.762 0.00095677 118.87
15.766 16.699 2.615
15.84 21.371 3.0984
15.854 0.60246 8.8412
15.957 1.6658 21.409
15.98 0.91988 18.704
15.981 29.923 19.002
15.999 0.59986 28.493
16.068 0.014407 67.846
16.145 0.033302 0.029426
16.204 43.676 4.6986
16.212 52.425 0.02467
16.232 0.76607 7.1451
16.272 0.13246 12.14
16.306 0.04305 49.839
16.329 0.012659 0.0090605
16.345 16.378 9.3584
16.431 0.018906 0.019954
16.468 0.084978 68.048
16.5 4.5358 17.06
16.584 0.0073697 43.44
16.645 0.042022 0.0044888
16.663 12.334 1.3152
16.703 0.055818 8.2355
16.725 0.052779 16.354
16.77 0.16933 22.341
16.796 0.03831 0.01084
16.838 0.23429 0.74009
16.849 0.00076252 214.77
16.854 0.062542 1.0907
16.858 21.707 8.6019
16.921 73.777 127.53
17.033 12.753 36.302
17.042 57.275 49.525
17.054 0.10203 0.0029145
17.074 13.645 7.036
17.097 90.255 73.882
17.157 14.443 0.82427
17.191 18.129 6.2038
17.221 0.0042449 59.051
17.255 40.308 4.1976
17.293 16.084 38.486
17.37 12.828 0.00143
17.385 0.0082014 2.9384
17.5 0.0059974 0.67673
17.566 0.0047107 89.243
17.57 0.00079304 12.5
17.59 1.7224 4.2765
17.617 0.00029502 130.54
17.683 35.218 101.81
17.69 5.0868 0.033527
17.716 0.54439 0.51672
17.718 92.049 37.163
17.725 0.28913 2.6503
17.728 0.068575 13.122
17.731 29.883 1.8861
17.751 59.283 51.746
17.824 73.877 113.31
17.866 0.023325 1.9715
17.872 19.202 55.135
17.903 0.022951 0.0049387
17.905 0.005358 0.19483
17.941 97.741 18.016
17.968 0.03388 14.338
18.016 2.6548 6.0968
18.024 0.0018644 100.6
18.041 7.8219 4.0777
18.063 0.0017017 92.548
18.085 0.0042218 4.0351
18.085 0.05054 18.18
18.086 0.59773 45.358
18.207 0.011144 1.8816
18.227 0.0033477 50.456
18.296 106.55 92.245
18.373 0.061092 28.437
18.387 0.012107 1.8505
18.397 0.0098459 80.118
18.409 2.0488 54.406
18.454 4.5347 1.2666
18.476 0.039361 7.4741
18.504 0.014005 48.726
18.54 81.788 3.3987
18.54 4.4155 14.7
18.58 148.46 111.86
18.642 1.8641 0.52186
18.666 24.058 14.397
18.723 7.2142 29.809
18.736 84.337 20.84
18.77 0.0019222 0.0088299
18.778 0.025698 2.8483
18.803 11.579 0.023239
18.839 0.014743 71.004
18.843 18.196 0.28336
18.854 0.011107 2.1528
18.858 0.0038355 135.2
18.876 0.0046389 107.91
18.894 2.2242 0.07209
18.894 0.0052392 0.18551
18.919 0.015566 32.877
18.927 29.849 0.001458
18.931 1.1284 0.06031
18.944 0.0018057 0.29827
18.952 3.573e-05 0.20968
18.956 11.609 5.2118
18.958 0.0024095 0.34138
18.976 3.416 0.0032677
18.978 31.789 0.0026337
18.988 0.00026788 23.514
19.001 0.19581 0.0095882
19.02 16.733 9.9159
19.026 0.00016568 0.28432
19.034 0.021193 0.099288
19.035 0.0038952 0.13854
19.085 0.11423 165.44
19.091 2.1017 7.4175
19.099 7.6169 120.09
19.121 0.076282 153.44
19.128 10.233 156.96
19.139 1.4229 2.6711
19.166 139.6 90.98
19.17 5.3549 0.0031932
19.177 0.018035 12.418
19.196 0.0023806 45.334
19.202 0.0096008 4.2505
19.205 0.0070314 2.1877
19.207 25.315 28.838
19.209 0.074242 61.261
19.211 9.1531 4.2865
19.247 3.5483 0.65478
19.259 1.5292 0.010061
19.28 0.41282 61.229
19.287 82.878 35.295
19.31 0.080586 86.575
19.324 18.594 21.295
19.361 0.55865 0.31813
19.371 0.006049 0.19543
19.404 10.514 0.064948
19.426 28.083 80.818
19.428 0.042538 10.924
19.437 20.621 0.11429
19.446 0.014267 102.06
19.46 139.27 88.675
19.465 0.006504 21.756
19.52 0.038672 5.9972
19.525 95.108 0.040235
19.532 16.504 129.08
19.554 0.0094124 151.86
19.584 5.9045 0.5827
19.589 4.21 0.016505
19.609 0.032879 7.7921
19.616 66.227 48.742
19.64 0.0026691 0.074311
19.646 0.037212 8.7183
19.688 0.0012336 12.153
19.705 0.028941 21.502
19.715 71.797 0.010714
19.718 0.055451 11.25
19.731 0.0008855 4.3118
19.733 1.2392 1864.5
19.737 4.5551 5.6984
19.747 4.3953 3.3323
19.758 0.03637 80.361
19.759 0.0034207 0.13473
19.768 12.49 0.93153
19.812 0.029976 0.018807
19.861 0.060748 0.021952
19.87 0.60247 1.9841
19.877 3.6255 0.0030504
19.881 1.479 0.0092142
19.914 0.070538 12.123
19.922 3.5994 0.43915
19.922 1.1062 14.253
19.925 0.09412 93.07
19.947 20.499 82.523
19.973 0.015356 10.447
19.989 8.9441 10.701
20.001 12.927 87.965
20.003 13.919 18.909
20.004 12.836 7.3037
20.007 106.22 71.32
20.022 6.0583 4.539
20.03 37.409 0.027194
20.037 0.25427 0.0064041
20.05 0.0024366 133.32
20.058 0.10411 48.285
20.089 0.28047 1.5096
20.091 0.002292 0.92433
20.114 138.64 60.481
20.115 0.016281 0.0069025
20.13 54.195 0.023127
20.141 0.96766 4.025
20.191 0.57272 35.556
20.199 0.0015487 8.0021
20.21 28.384 14.789
20.224 9.3077 10.995
20.245 0.015012 0.044083
20.277 173.45 0.0051044
20.285 0.0080044 21.773
20.324 50.428 74.762
20.356 0.00949 108.69
20.369 0.0047779 67.896
20.393 8.4589 30.177
20.4 5.2567 7.5025
20.411 0.058033 14.726
20.432 0.13156 2.2997
20.433 0.086154 22.275
20.435 496.19 296.09
20.435 6.0027 73.479
20.441 0.0035451 5.4451
20.443 0.0023448 49.643
20.452 73.243 62.206
20.454 0.63612 10.11
20.48 1.1158 4.1667
20.49 2.8622 82.328
20.493 0.0056264 99.801
20.493 0.028838 66.162
20.499 2.2058 0.033139
20.504 3.0808 0.056589
20.511 104.78 0.0017464
20.515 72.489 44.879
20.532 0.0076143 0.039012
20.535 0.0008805 0.01801
20.553 0.0062554 2.6899
20.568 0.0052548 9.5862
20.579 9.3972 35.077
20.589 3.8027 8.2943
20.593 0.0027707 4.6089
20.61 0.056436 16.297
20.615 0.11336 144.14
20.621 0.046685 0.016773
20.623 0.0017717 8.202
20.651 2.8264 8.2399
20.662 0.031216 91.953
20.671 0.6199 1.3187
20.671 0.0044931 59.404
20.681 0.033988 5.2663
20.682 4.7711 0.044629
20.688 0.015977 5.5446
20.694 0.065964 32.477
20.698 0.013655 0.020028
20.698 10.759 93.689
20.718 15.386 96.549
20.724 27.226 60.775
20.741 0.09181 14.266
20.744 101.77 572.78
20.754 0.03574 0.062476
20.763 12.521 0.005115
20.784 3.8868 3.2375
20.789 0.0060206 8.0592
20.808 0.030196 25.171
20.819 0.014354 0.11741
20.824 0.031233 58.924
20.86 23.331 0.0064174
20.862 2.4384 0.01351
20.873 0.03942 26.507
20.885 10.821 3.2886
20.891 0.1271 39.484
20.908 0.013535 1.0975
20.923 4.2638 0.017204
20.926 16.966 65.034
20.932 0.47492 109.21
20.933 10.424 69.701
20.934 0.44488 56.239
20.936 30.496 58.434
20.954 7.9573 0.023849
20.97 17.107 16.104
20.972 0.0035968 0.029309
21.007 26.171 6.8203
21.017 0.011161 41.093
21.025 0.10572 0.4597
21.032 0.18572 0.0065208
21.038 54.583 30.121
21.045 81.399 0.02419
21.051 1.3093 32.281
21.058 0.00039768 2.9842
21.068 0.0039085 12.282
21.068 0.012008 82.597
21.07 21.157 96.88
21.078 4.5727 92.772
21.078 0.015342 92.924
21.078 3.5084 2.5569
21.114 0.013971 30.331
21.131 0.0095604 0.060975
21.136 0.0076884 2.3477
21.179 0.010591 8.1681
21.18 69.876 14.496
21.18 29.723 0.012624
21.185 5.7013 3.7125
21.187 57.478 56.436
21.188 0.011542 1.3208
21.194 0.039589 0.61508
21.203 0.00022482 0.015708
21.207 1.857e-05 0.021284
21.209 13.376 0.016291
21.221 351.41 1447.4
21.23 0.0030526 0.018648
21.23 0.34883 0.016039
21.231 0.023759 71.366
21.26 0.01635 11.722
21.261 0.0077422 47.479
21.269 0.026075 29.281
21.326 4.1409 0.0026702
21.333 1.9149 59.514
21.339 0.024985 0.046165
21.355 9.4664 52.037
21.365 36.002 0.014771
21.394 0.012229 0.072968
21.396 0.00092783 0.053577
21.397 0.007423 0.066642
21.404 0.72754 0.014486
21.416 13.861 0.009546
21.416 116.94 13.289
21.438 0.045015 46.461
21.451 23.406 8.0291
21.455 25.67 0.0031011
21.456 0.028056 0.020936
21.471 2.2091 1.8579
21.48 0.0014939 49.919
21.481 57.732 0.0006703
21.491 16.169 0.0020276
21.519 0.0031546 0.98776
21.527 0.074854 22.608
21.588 0.001888 0.016269
21.607 30.265 83.025
21.611 4.6115 0.013926
21.626 0.066022 0.15056
21.635 20.972 6.6123
21.657 0.18547 32.762
21.657 3.4281 0.013326
21.658 0.015483 0.014041
21.66 0.0021983 178.23
21.661 5.4671 91.597
21.663 0.0044236 0.098416
21.676 7.0644 0.0014442
21.683 16.98 17.089
21.694 0.14816 23.149
21.695 2.4156 5.2268
21.7 24.915 0.052058
21.711 0.0028948 0.13729
21.712 10.902 0.00022778
21.713 0.015351 1.1335
21.74 0.03511 0.1578
21.757 14.352 5.7101
21.764 23.805 0.094708
21.766 0.20855 1.5872
21.768 9.3383 8.7238
21.774 20.514 3.0406
21.776 24.719 1.2276
21.796 0.021887 3.0793
21.796 5.5043 0.029389
21.797 7.4903 0.022407
21.832 0.09956 9.5428
21.876 0.023019 133.7
21.882 0.2281 0.0013135
21.884 0.011455 52.656
21.891 2.8335 37.789
21.893 0.0025124 5.3201
21.893 0.0070702 1.6809
21.91 0.0018088 0.39321
21.912 0.031479 0.19219
21.916 0.0068132 0.0063763
21.92 20.945 0.038705
21.928 10.469 0.054524
21.93 37.871 0.030532
21.947 0.065642 153.15
21.947 2.5012 4.1525
21.979 26.509 109.05
21.984 2.1176 0.10547
21.99 1.8716 3.1111
22.004 10.415 0.063319
22.01 65.734 0.039115
22.036 22.089 7.1504
22.069 12.61 0.0087455
22.072 0.061491 92.931
22.081 0.00092279 0.026827
22.117 145.08 36.119
22.129 55.121 101.75
22.146 1.1683 0.00023823
22.163 0.00942 0.050011
22.175 4.2221 2.2355
22.177 0.08469 49.458
22.178 0.53642 18.053
22.185 33.586 0.011455
22.189 0.11391 0.4157
22.205 0.063005 44.171
22.209 0.00058622 0.014947
22.212 1.7819 0.0092004
22.221 1.4285 0.0069924
22.224 43.681 60.989
22.236 0.01094 0.0088975
22.267 0.059187 0.49168
22.277 4.8014 9.1239
22.278 0.014822 9.2254
22.282 0.16327 0.56664
22.283 0.0012569 0.0084036
22.286 0.025192 0.39628
22.317 5.3018 16.502
22.317 24.449 12.278
22.321 1.4914 0.00014604
22.335 80.827 131.29
22.337 106.08 0.013349
22.354 0.62757 0.0010533
22.357 2.9535 1.8386
22.364 0.027983 2.4508
22.365 0.021673 5.7975
22.369 1.1377 1.838
22.4 1.9056 2.0201
22.406 0.68911 0.17971
22.42 0.23844 0.36746
22.43 0.05267 0.0019064
22.431 0.10223 131.49
22.431 125.91 25.802
22.438 0.10119 136.66
22.464 44.437 151.33
22.466 76.208 0.010233
22.499 0.08687 78.974
22.505 1.562 0.18866
22.511 7.6217 119.91
22.524 45.649 0.0040909
22.542 0.14898 0.050165
22.56 0.11422 0.58064
22.56 0.080299 106.04
22.599 0.32342 21.688
22.646 37.91 5.0318
22.663 0.39253 32.33
22.669 12.872 0.97824
22.681 53.785 180.25
22.685 0.032202 35.437
22.697 0.042013 52.378
22.705 14.573 244.09
22.708 0.64705 0.00026769
22.719 0.0041376 281.16
22.723 58.138 0.0087275
22.754 69.064 7.6962
22.782 0.11786 11.215
22.831 0.027248 42.786
22.831 1814.7 0.1244
22.833 4.4293 128.33
22.848 0.019228 220.2
22.858 1.6134 263.75
22.863 0.041427 321.57
22.868 0.047637 38.46
22.873 0.0076796 0.038191
22.884 0.087031 19.461
22.891 41.339 11.631
22.915 0.58146 41.426
22.915 0.0028876 3.8544
22.924 9.4173 3.1405
22.937 0.081034 4.2623
22.961 0.0048701 15.735
22.974 0.00035444 5.9169
22.982 0.18724 5.3381
22.986 0.31595 0.097653
22.986 0.008097 12.803
22.991 0.030191 6.0309
23.008 0.58312 2.9149
23.013 0.033672 8.8474
23.038 47.007 0.025157
23.04 0.00043195 0.01406
23.041 83.618 55.922
23.061 87.132 0.0055614
23.113 2.2025 1.7525
23.133 2.3609 0.070078
23.146 0.0094038 1.5219
23.149 0.078334 1.9873
23.165 155.76 35.903
23.182 0.078305 0.4607
23.197 0.29861 1983.1
23.217 0.0032085 0.33381
23.229 3.2704 6.0704
23.234 0.031611 8.8032
23.245 0.010828 60.897
23.257 264.67 0.081995
23.272 0.13059 5.8229
23.289 31.08 21.01
23.297 0.12345 12.786
23.311 0.0065003 0.045061
23.315 14.881 27.17
23.342 34.569 12.605
23.344 0.0086788 0.035298
23.397 0.076177 0.29597
23.422 0.051291 0.70512
23.422 0.16783 3.9885
23.424 0.080357 84.477
23.445 84.316 0.020463
23.447 2.2033 0.24448
23.453 15.685 26.61
23.479 168.72 42.863
23.481 0.12869 69.242
23.498 0.00041933 3.0138
23.501 1.8429 0.78041
23.503 5.7094 0.00038563
23.525 2.5367 0.66211
23.525 0.0041996 5.43
23.539 81.127 0.041997
23.578 74.466 0.024643
23.611 0.0554 8.6858
23.616 68.511 2.7942
23.64 1.1269 10.451
23.654 0.78433 0.11144
23.659 0.00085131 0.019319
23.685 159.35 108.36
23.7 0.016292 39.263
23.702 0.5646 0.075916
23.707 0.011052 6.8656
23.708 4.4291 6.5523
23.719 96.122 0.019573
23.741 7.4851 0.0093095
23.774 20.067 0.0050417
23.785 106.57 11.072
23.791 0.0068488 0.05181
23.806 125.75 0.020254
23.817 0.047192 0.43144
23.86 9.3242 0.00098139
23.871 151.78 0.0032996
23.899 22.369 18.483
23.904 0.40478 1.5674
23.918 0.13077 28.466
23.929 0.14733 1.6441
23.945 166 124.63
23.949 23.536 11.602
23.974 0.11012 18.293
23.986 0.011924 0.006147
23.988 0.0034658 0.70164
23.994 26.327 0.26355
24.011 0.0041487 0.027093
24.051 226.97 0.0021418
24.062 0.14847 76.358
24.121 0.074715 7.3032
24.165 0.35842 244.38
24.179 0.0020656 0.12601
24.184 60.135 42.033
24.185 142.05 9.4317
24.187 38.548 3.5893
24.204 103.66 0.04543
24.212 193.65 37.621
24.256 34.54 0.0012593
24.257 6.4718 0.21761
24.262 0.00052069 0.51575
24.29 0.0017398 11.645
24.298 0.087704 0.69653
24.32 1.7214 0.45841
24.329 84.725 48.87
24.368 0.00039789 3.6691
24.369 77.73 0.017711
24.387 0.0058708 10.14
24.414 0.047967 0.25086
24.421 16.163 6.151
24.44 0.0072066 35.402
24.475 0.03621 66.411
24.488 83.268 0.037961
24.499 136.28 56.276
24.52 34.559 0.0060693
24.529 0.88227 0.0062186
24.53 0.55575 0.39666
24.559 103.11 0.022462
24.562 0.87438 81.01
24.566 0.085399 28.523
24.59 84.255 5.4354
24.608 0.10682 32.816
24.623 0.8078 3.9028
24.625 134.44 64.109
24.639 0.0042986 2.0938
24.653 0.0028008 2.306e-05
24.674 0.72053 54.673
24.688 0.041037 31.912
24.72 7.8931 5.9389
24.736 0.0037798 32.695
24.749 103.65 0.007855
24.754 0.0006479 0.89364
24.754 0.0040696 81.33
24.769 0.1324 7.8308
24.8 0.00095025 55.785
24.801 84.69 152.14
24.803 141.52 20.223
24.805 1.9894 58.324
24.81 0.88764 32.97
24.816 0.0096027 4.7777
24.819 7.551 0.048312
24.825 58.02 0.21199
24.825 1.1489 1.0429
24.844 75.891 0.30295
24.864 0.0070981 57.2
24.867 0.01724 3.7702
24.905 65.497 0.010782
24.911 10.359 0.035658
24.931 4.055 11.077
24.948 0.058698 0.22735
24.954 0.4717 0.0043063
24.96 0.53836 121.47
24.981 0.0049586 3.0894
24.982 41.945 0.4388
24.997 0.11994 0.94563
25.01 17.485 0.46728
25.011 0.027634 25.959
25.016 5.7624 1.1014
25.023 46.439 119.62
25.043 544.33 1.0081
25.045 0.0098738 31.606
25.056 0.015702 6.0476
25.06 0.090753 50.628
25.068 0.007862 153.08
25.07 51.265 0.086583
25.074 0.01886 0.73143
25.079 116.97 0.073514
25.149 0.57783 0.22301
25.16 0.00026605 0.74996
25.169 13.142 12.245
25.176 0.00058163 1.0161
25.178 169.26 144.45
25.179 6.3483 0.042847
25.209 0.0011161 32.272
25.215 234.17 36.923
25.217 0.0018796 0.32636
25.244 2.3978 23.054
25.292 0.0016861 7.275
25.326 0.005724 71.866
25.372 0.026628 122.32
25.405 0.0048041 0.057698
25.406 7.1458 0.0003214
25.409 10.25 0.00028165
25.415 0.0016738 0.35761
25.415 0.0023666 0.0027202
25.42 6.1092 1.2713
25.438 0.012153 59.159
25.439 2.0624 6.8236
25.446 0.022133 2.0358
25.447 0.013241 8.8535
25.449 1.7954 0.0048885
25.459 0.37937 64.226
25.463 0.011945 93.468
25.473 0.048188 1.0704
25.501 1.471 5.6645
25.545 1.7818 6.1761
25.551 23.358 12.287
25.56 0.91749 5.2927
25.565 143.78 78.479
25.613 0.038196 4.2799
25.644 116.33 114.92
25.658 27.354 7.2467
25.66 2.7983 2.4301
25.666 0.010757 6.6093
25.668 0.0011723 38.308
25.726 8.0761 0.0027998
25.727 0.0046074 40.811
25.731 6.1741 26.832
25.738 0.078486 2.9295
25.739 1.3941 0.45947
25.758 208.08 42.46
25.788 0.0036657 0.091295
25.798 0.10475 1.4593
25.8 119.91 192.37
25.803 0.0023315 9.2166
25.819 2.5628 1.7015
25.825 0.64548 0.097895
25.85 33.298 0.00013581
25.896 189.44 191.04
25.913 33.348 9.6944e-05
25.915 0.0098173 123.81
25.931 0.0077932 5.5482
25.942 0.015164 0.030921
25.966 12.052 3.514
25.972 6.7331 17.959
25.975 5.1817e-05 0.01068
25.977 0.00020951 5.4841
25.98 0.026304 41.657
25.988 6.4959 8.4573
25.991 0.0013391 1.374
25.991 1.1703 0.0014884
26.003 0.0096672 8.2988
26.027 3.3783e-05 0.77165
26.066 1.2267 3345.5
26.074 0.0086759 17.341
26.105 1.0913 0.00075983
26.106 0.083062 254.05
26.118 0.016535 10.903
26.141 0.056001 1.217e-05
26.155 213.79 30.552
26.171 0.012611 84.504
26.256 0.0030461 21.497
26.265 166.23 206.91
26.288 2.3747 0.73503
26.296 0.0066838 80.245
26.296 28.384 4.4197
26.342 0.026198 0.00013558
26.343 117.5 89.027
26.387 98.572 784.14
26.413 10.146 31.928
26.46 154.18 37.197
26.471 0.1528 16.064
26.473 0.0023113 0.004653
26.487 46.236 168.95
26.556 0.00066108 0.043275
26.57 0.0054346 0.43091
26.581 0.034768 10.203
26.601 0.017603 251.68
26.603 105.6 120.67
26.609 1.3407 0.58669
26.631 234.04 66.835
26.634 0.0086221 55.299
26.667 0.03257 5.5164
26.689 0.1926 0.046355
26.695 3.1138e-05 0.023927
26.695 7.5278 22.951
26.698 0.01536 134.39
26.747 0.014558 145.98
26.753 26.692 9.7535
26.79 10.659 0.49738
26.793 0.016006 183.48
26.805 0.012906 2.2331
26.806 0.0032131 0.014416
26.82 103.24 145.71
26.847 0.0061365 56.189
26.851 0.18014 0.072729
26.851 27.892 1.9463e-05
26.868 1.7934 0.035985
26.872 18.422 1.3948e-05
26.882 0.012111 0.0044806
26.913 82.463 270.4
26.933 2.6048 0.005178
26.933 0.015952 5.2467
26.95 0.18119 1441.8
26.957 117.08 258.89
26.967 2.9802 1.435
27.005 214.07 37.818
27.026 45.195 198.06
27.03 2.3018 0.034666
27.041 0.022401 53.048
27.051 0.0073889 0.0073162
27.052 0.036851 10.052
27.061 0.056603 29.442
27.074 0.0013491 0.032718
27.09 0.014002 240.81
27.097 0.034032 180.45
27.099 0.00018197 0.014794
27.105 2.2071 0.0023024
27.108 2.3638 0.0020855
27.116 0.0022213 110.26
27.122 0.057383 35.242
27.13 1.9032 1.4178
27.137 49.457 186.07
27.147 16.8 161.9
27.149 149.08 81.392
27.157 19.7 5.2564
27.205 0.0026939 0.43752
27.241 7.1655 0.0082449
27.266 198.31 63.136
27.268 1.017 0.0010922
27.269 11.703 13.953
27.31 0.00041243 0.060527
27.312 8.8899 0.00061496
27.321 12.226 4.4643
27.35 2.6376 8.2005
27.398 0.012796 7.2183
27.405 171.13 67.146
27.434 0.013138 57.62
27.471 0.88831 8.334
27.55 0.012599 11.854
27.582 0.015872 34.302
27.609 0.0079891 60.713
27.617 23.643 0.00072224
27.66 0.26724 1210.6
27.668 0.00059495 6.9895
27.669 3.2139 2.953
27.67 0.037572 1.4431
27.682 3.2274 2.3625
27.686 0.00054846 5.3847
27.695 10.843 26.927
27.746 150.66 47.099
27.779 0.00013641 0.0085717
27.779 0.69602 5.7759e-05
27.796 0.55425 4.4066e-05
27.797 0.00027098 0.02026
27.809 0.036368 7.9074
27.855 116.95 58.128
27.906 0.0093361 13.011
27.914 0.0037329 8.5549
27.925 0.052697 0.002814
27.95 119.23 58.072
27.952 0.00045106 1.5781
27.972 15.915 5.9287
28.055 135.21 71.183
28.1 0.014005 66.199
28.152 0.0075276 29.988
28.179 0.0097622 5.2053
28.19 0.00061499 0.7868
28.191 0.012339 65.263
28.212 0.0029236 14.878
28.227 0.0098777 65.514
28.245 0.0050389 3.3034
28.278 0.01257 73.997
28.284 0.0002319 0.025699
28.301 6.1722 0.48219
28.333 1.4526 0.00022852
28.335 5.4166 2.4104
28.335 116 79.403
28.348 8.3823 4.3264e-05
28.363 0.030955 7.2774
28.382 0.0010316 2.0336
28.391 0.00093585 0.027208
28.415 70.409 51.706
28.438 1.2852 5.236
28.44 0.0003925 26.232
28.443 15.064 2.2823
28.446 4.363 29.243
28.452 5.8626 9.4254
28.456 0.00028993 21.909
28.46 4.4636 30.984
28.499 83.489 79.486
28.53 0.076122 0.0029046
28.58 85.284 80.785
28.595 0.0060554 126.71
28.597 0.0047145 0.017997
28.615 12.499 6.4631e-05
28.632 0.0032535 8.0765
28.649 12.911 6.5707e-05
28.652 0.0036695 0.015323
28.666 0.0049421 84.055
28.708 0.024129 98.62
28.725 0.013901 94.201
28.757 3.438 7.5164
28.762 42.593 112.13
28.786 0.0012389 0.34719
28.808 0.00027829 0.17183
28.816 3.1084 155.28
28.826 14.606 20.042
28.861 0.0034944 60.119
28.873 21.467 32.385
28.889 0.0085133 5.0199
28.898 0.0012209 40.209
28.932 6.5232 7.1799
28.945 0.013007 8.4863
28.967 27.784 0.00040921
29.144 0.00048826 43.087
29.155 12.356 35.952
29.193 13.967 41.675
29.205 0.0006013 58.093
29.217 0.0013799 44.963
29.22 3.7329 0.7358
29.229 12.066 62.489
29.238 0.0013507 39.62
29.241 12.629 64.769
29.243 5.0117 2.3325
29.327 0.0062326 0.017642
29.343 0.0065762 2.5784
29.363 17.381 6.1188e-05
29.397 0.13592 0.50618
29.409 20.194 6.9979e-05
29.419 0.0010426 0.20276
29.426 0.00839 0.025072
29.435 1.8424 0.067029
29.441 1.2447 0.23959
29.449 1.0349 2.8385
29.455 0.00045226 4.1579
29.461 0.0025679 22.512
29.471 0.00078921 3.4833
29.522 0.016293 0.48706
29.57 0.0010377 22.101
29.574 0.23174 0.31879
29.582 0.0054964 14.482
29.589 0.00057929 9.4733
29.602 11.242 1.1886
29.621 0.72348 0.19818
29.64 0.0006076 69.648
29.64 25.937 0.00089998
29.651 6.001 78.869
29.669 5.9846 80.365
29.683 0.00078695 98.697
29.708 0.0023065 0.17686
29.721 0.00065563 2.3367
29.761 1.5007 0.07534
29.761 0.0026375 0.1257
29.762 0.0002994 33.261
29.775 6.1355 0.1507
29.779 15.72 40.076
29.821 22.012 57.407
29.827 0.00059216 2.7117
29.837 0.00087174 3.6072
29.839 0.00050704 60.674
29.858 0.074114 0.12554
29.864 0.0090378 1.1814
29.94 11.003 12.926
29.949 263.81 10.7
29.968 0.0087028 0.024233
29.972 0.8116 0.54556
29.978 0.00017755 82.725
29.986 2.5424 79.373
29.987 0.00079033 2.7983
30.001 22.116 6.4357e-05
30.012 2.6981 89.735
30.019 0.00018655 100.66
30.051 21.419 6.2093e-05
30.092 0.010089 0.029495
30.114 0.88658 0.36839
30.174 7.611 0.37537
30.192 0.0014398 0.43653
30.211 0.0021565 2.2014
30.223 1.1736e-05 38.994
30.231 0.68508 60.69
30.245 0.47935 42.941
30.25 1.4975e-05 50.598
30.268 0.0003025 45.427
30.281 3.5025 0.0017433
30.286 18.051 51.99
30.286 0.69603 1.4102
30.304 0.15669 0.00126
30.337 3.7671e-06 59.171
30.338 17.132 51.134
30.343 1.1217 2.1186
30.344 0.15824 47.189
30.348 3.1428e-06 49.572
30.355 0.21008 63.261
30.357 11.413 0.24943
30.361 0.0015535 0.95023
30.365 0.00020252 33.278
30.386 0.18348 0.012635
30.402 2.9678 0.01003
30.418 0.0020807 2.7243
30.418 12.332 7.7965
30.433 0.0011405 0.6097
30.435 0.005872 4.7251
30.458 1.5069 0.013188
30.497 0.00032807 0.13606
30.499 1.3731 0.0046305
30.505 0.0077529 0.024969
30.527 22.991 6.0223e-05
30.533 0.0028908 0.47876
30.585 17.339 4.4827e-05
30.605 0.0050709 0.017544
30.645 0.00019371 51.405
30.671 0.018685 9.5069
30.673 9.2868 43.748
30.718 0.011633 1.4298
30.721 9.608 50.275
30.735 0.021672 0.993
30.748 0.00016017 53.221
30.832 0.58134 0.012261
30.84 0.00025782 0.16099
30.887 3.9502e-05 30.024
30.893 0.93049 0.014804
30.894 0.00023854 0.038026
30.904 0.011258 0.054981
30.908 2.8881 34.361
30.924 11.932 2.8784e-05
30.935 0.025659 2.1057
30.946 2.7624 34.763
30.947 0.0031446 0.46071
30.962 4.2956e-05 36.433
30.973 8.4644 2.0613e-05
30.999 0.0031076 0.018864
31.011 1.1076e-05 41.366
31.019 0.028483 5.3361
31.03 0.59929 32.39
31.048 0.6669 37.361
31.055 0.00027856 1099.6
31.094 20.905 0.0072057
31.1 0.002171 0.20742
31.115 0.016841 14.724
31.132 0.0021297 0.025867
31.142 5.9606 0.00043021
31.154 3.4653 7.8034e-06
31.205 4.1943 9.5666e-06
31.228 0.0055098 0.078202
31.262 0.00045994 0.027393
31.276 0.6065 1.3635e-06
31.3 0.61302 1.4396e-06
31.304 0.00022427 0.014625
31.358 0.026386 1.1077
31.389 10.331 0.54921
31.408 0.0065909 0.03887
31.428 0.045281 0.043435
31.431 6.7869 1.1691
31.44 7.5826 2.103
31.443 0.1292 0.62631
31.453 0.00089302 0.22505
31.456 0.00016595 0.0053233
31.48 6.0885 0.0054184
31.525 0.0052886 0.26032
31.575 6.6601 0.0066262
31.705 17.467 11.386
31.784 6.8558e-05 0.022819
31.789 0.0054142 0.014079
31.858 2.8054 0.73892
31.869 1.9658 1.6002e-05
31.899 0.59065 0.0048697
31.904 0.0008411 0.10719
31.922 3.235 0.27592
31.943 15.746 2.6447
31.946 0.0090165 0.26754
31.985 0.0032653 2.8955
32.028 15.341 1.8768
32.075 0.17275 0.0045667
32.103 0.022289 3.5699
32.196 0.019651 3.0353
32.198 0.034976 0.032842
32.203 9.1032 5.8719
32.284 0.03774 0.21299
32.288 0.0041798 9.67
32.289 5.3683 0.0015519
32.352 2.0861 0.032701
32.386 0.81559 0.036421
32.408 0.0119 3.4861
32.441 1.7586 0.0014107
32.491 0.0026024 0.01994
32.502 0.0010295 0.007909
32.617 0.0046178 0.060943
32.63 0.018438 3.0638
32.681 0.23728 0.0050497
32.716 0.028219 3.4996
32.852 0.022322 3.1861
32.871 0.023175 3.6862
32.985 5.8122 19.276
32.988 0.00027235 0.029967
33.052 0.087164 11.307
33.059 2.5988 0.005833
33.104 3.7496 27.362
33.143 7.5769 0.00030374
33.149 0.5189 0.0043323
33.149 0.096771 15.329
33.185 19.409 3.5081
33.234 9.8386 2.4455
33.269 0.0010917 0.40112
33.313 0.018691 11.533
33.361 2.4417e-06 23.543
33.385 10.246 3.1447
33.401 0.0045093 0.016105
33.413 10.917 8.9522
33.458 11.918 3.163
33.479 0.1125 10.758
33.51 0.010484 4.3736
33.514 0.003978 0.26137
33.548 10.829 2.4562
33.702 13.02 0.0021591
33.725 5.5798 11.782
33.78 0.0020923 19.849
33.87 11.551 1.6275
33.934 0.0015098 0.018278
33.995 9.7265 0.00087597
34.092 4.5039 0.0014405
34.121 0.011584 3.7181
34.122 0.0093197 22.822
34.125 10.335 0.9566
34.188 4.7164 19.027
34.252 0.0024545 1.3558
34.289 0.0049274 3.5088
34.312 0.056588 0.0084498
34.371 4.8045 0.0020199
34.444 0.011135 3.8512
34.461 7.2974 18.888
34.509 0.035123 0.058244
34.516 14.176 0.0014732
34.534 0.007558 0.048003
34.68 8.815 4.1756
34.719 10.453 3.5682
34.755 0.011563 5.6692
34.756 0.011992 3.7071
34.845 0.011679 15.737
34.915 0.0035695 16.404
34.959 6.881 2.2841
34.964 0.0046752 0.32324
35.01 5.4614 16.251
35.027 0.0041653 1.3726
35.037 12.909 0.0059933
35.042 0.025103 0.035929
35.151 4.2684 14.626
35.176 0.027946 0.092733
35.205 0.0030696 0.01211
35.346 5.3027 0.874
35.357 6.8444 0.00077105
35.388 0.0040709 12.682
35.388 14.907 0.65005
35.498 1.531 8.739
35.576 0.0025391 16.436
35.584 0.15422 7.2865
35.592 0.00015787 8.6287
35.618 0.96711 13.314
35.628 0.0062447 3.6206
35.633 9.5789 0.0028905
35.646 16.379 0.0052935
35.674 0.0025503 16.693
35.676 9.254 0.0056258
35.713 6.829 1.4039
35.715 7.5039 2.2261
35.825 4.8056 0.65604
35.858 3.2253 16.207
35.872 9.0679e-05 2.2271
35.881 0.0090174 0.013859
35.883 0.0057103 1.7604
35.897 5.515 2.1588
35.906 3.1785 5.62
35.909 0.0039147 9.6265
35.913 1.8215 14.157
35.944 2.341 14.8
35.963 0.0033859 10.01
35.981 0.0041661 0.0051372
36.025 0.81018 10.295
36.04 0.0045002 10.187
36.065 0.00095784 14.222
36.07 0.034505 11.611
36.075 0.032084 13.907
36.104 1.1826 11.045
36.11 0.0019385 1.9342
36.158 0.6082 5.8929
36.177 3.7035 8.522
36.215 0.010632 4.1982
36.221 0.0015842 8.9039
36.228 0.00062103 3.196
36.236 2.9244 7.5828
36.254 0.0012098 4.2379
36.277 0.0014252 5.2795
36.288 0.011089 0.011108
36.293 0.0092404 2.2318
36.333 1.791 2.2513
36.356 19.738 0.0044365
36.377 0.00085878 10.169
36.391 0.00085945 3.4934
36.485 1.968 6.0924
36.494 0.67825 4.2386
36.569 1.0836 1.7596
36.635 1.5384 5.8439
36.653 0.24266 1.2972
36.701 0.064127 5.8773
36.831 0.028164 0.028297
36.865 5.4955 7.9849e-05
36.872 0.0026791 3.9333
36.887 5.3121 0.0079004
36.944 0.027395 0.018237
36.965 0.0034426 0.010983
36.974 0.0073086 2.9653
37.017 0.0011065 0.42849
37.085 0.845 1.6056
37.111 1.4462 0.51576
37.154 0.005983 1.3065
37.248 2.3309 2.3986
37.249 6.0756 0.10914
37.269 2.1457 1.2334
37.275 5.2655 0.0071549
37.275 1.9226 1.7744
37.286 1.8187 2.018
37.305 1.2843 1.5661
37.338 0.0013472 1.3677
37.349 0.0017136 2.2171
37.361 0.002761 2.5785
37.361 0.19595 2.8329
37.399 0.062551 2.8655
37.427 0.00096551 2.5504
37.437 0.73879 0.00030114
37.466 0.91976 1.1755
37.496 0.19682 0.00072846
37.516 0.0019681 4.778
37.526 0.00050058 0.19619
37.631 1.5086 1.0225
37.675 0.00097126 0.0024455
37.757 0.0011827 1.9051
37.777 0.00028246 0.95507
37.931 1.0735 0.79924
37.965 0.99548 0.59044
38.012 0.0033087 1.3576
38.078 0.00040937 0.0011246
38.086 9.9552 0.00048734
38.112 0.079538 1.9278
38.156 2.2379e-05 2.7317
38.286 0.7431 4.3769e-05
38.308 0.84895 3.4581
38.333 0.00033762 1.8244e-05
38.356 1.1066 1.0311
38.457 0.86787 4.3975
38.491 0.0049353 0.0005073
38.5 0.00012375 4.6367
38.511 0.0010729 0.51477
38.519 9.0717e-05 3.2973
38.541 1.917 0.42484
38.62 0.015735 1.8906
38.62 0.89137 2.8587
38.631 9.2787e-05 2.8155
38.665 0.93308 0.63601
38.671 0.00043261 1.9056
38.688 9.9986e-05 0.00086106
38.724 0.52187 2.7131
38.732 2.1335 1.562
38.736 0.2911 2.111
38.756 0.0035098 0.00026471
38.828 0.00091228 1.0786
38.831 0.00040686 0.0032555
38.831 0.69767 2.5267
38.883 0.00019274 2.2435
38.916 0.0023594 9.2929
38.937 0.046193 0.64354
38.937 0.00087426 2.3302
38.944 3.469 0.00025668
38.993 0.00084443 0.46646
39 0.00017833 5.4991
39.01 0.99768 0.00012058
39.016 4.2879 7.6594
39.035 0.43472 5.5109
39.062 0.00012176 5.6212
39.064 0.00080724 1.629
39.114 0.39329 6.0058
39.115 0.75833 3.305
39.212 4.9261 4.9473
39.316 0.25531 5.3211
39.334 0.45133 1.9307
39.335 0.00019217 5.4898
39.38 1.8908 0.28037
39.447 7.7177e-05 0.13506
39.455 0.0019679 4.4715
39.457 0.00095096 0.0034749
39.48 0.0083204 3.1841
39.489 0.00051474 6.1028
39.516 1.3334 8.5763e-05
39.581 0.21226 0.07234
39.604 2.3607 4.6719
39.608 0.00020023 0.74808
39.635 0.12925 2.0057e-05
39.647 0.43206 5.0169e-05
39.658 0.0088628 4.0889
39.712 0.00035808 0.0035081
39.821 633.29 0.04904
39.836 0.71251 1.3848e-05
39.882 8.458e-05 0.00042142
39.887 0.16217 0.037068
39.893 5.5664 2.8801
39.913 0.51268 0.00010128
39.915 0.00031321 0.0026204
39.95 2.6108 2.9119
40.001 3.5409e-05 0.032047
40.004 0.00061623 0.00056897
40.026 0.31259 7.6407e-05
40.065 0.43946 6.9377e-05
40.123 0.008584 2.4555
40.145 0.00021638 0.0038196
40.166 6.0251 2.0672
40.312 0.00054261 0.0040633
40.401 0.0012816 6.3428
40.441 4.3792 0.33377
40.601 0.0010856 1.1766
40.664 1.7536 0.26315
40.671 0.010989 0.72751
40.672 0.00074703 1.6569
40.721 0.00029486 3.4912
40.794 1.752 2.1183
40.811 0.0036182 3.789
40.824 0.25194 2.0679
40.835 0.0028268 6.1942
40.838 2.1177 2.2363e-05
40.839 6.5474 5.7091
40.876 2.7664 2.8483
40.905 3.7983 3.4281
40.911 0.00022873 0.29933
40.956 0.0010018 0.0053095
40.988 5.8957 4.379
41.002 0.0048209 6.5232
41.111 0.58951 8.4894
41.193 0.01541 7.6557
41.247 2.3863 5.133
41.52 0.0003315 0.029493
41.565 1.1029 0.001814
41.598 0.0085916 4.2287
41.6 0.019652 9.2316
41.694 3.5243 7.7033
41.779 0.008681 3.995
41.799 1.8715 0.0031127
41.857 4.0438 7.3385
41.927 0.00095988 0.055604
41.982 0.0089259 7.2023
41.985 0.0012284 5.7839
42.066 7.5952 2.1203
42.107 0.15781 6.2782
42.221 0.26064 6.3302
42.235 0.0013974 6.5849
42.299 0.010201 8.4077
42.306 7.3709e-05 0.058323
42.318 0.16495 4.8223
42.365 0.24774 0.047793
42.441 0.013408 4.7419
42.465 0.00068662 0.031385
42.467 0.63339 0.043631
42.476 0.0021773 0.69617
42.491 2.531 4.5247
42.569 3.263 6.444
42.639 0.01502 1.8965
42.74 1.0373 2.6338
42.77 0.0042025 5.4879
42.779 0.8686 2.4982
42.843 1.2437 2.2777
42.86 1.6808 5.0096
42.882 0.0022196 2.4671
42.93 0.00021491 5.7148
42.955 0.00064206 0.009598
42.966 0.79938 4.4591
43.008 2.3019 0.0013815
43.025 0.00027679 4.863
43.037 1.4594 4.6345
43.084 0.0042821 7.7694
43.108 3.7308 7.5519
43.122 0.0020872 4.7019
43.201 4.3999 0.0028978
43.213 0.12578 0.38545
43.225 1.8317 6.1601
43.242 0.00098927 5.5453
43.282 0.0015204 3.945
43.302 5.0942 1.9155
43.306 2.408 0.0006519
43.35 0.0014732 0.0062503
43.396 0.0039041 0.0042316
43.451 1.4817 0.0012231
43.476 3.3056 2.9495
43.479 0.0050062 0.033828
43.509 0.00071352 0.023195
43.518 2.4853 0.0030895
43.532 0.00065873 5.3696
43.717 0.003768 0.087642
43.74 0.00070945 3.3671
43.835 0.60355 1.2589
43.872 0.11226 0.93145
43.875 1.6652 0.00085293
43.879 2.3569 1.7568
43.914 0.007017 6.8129
43.923 2.2709 0.0046547
43.934 0.0011936 0.0046388
43.944 2.6442 5.3185
43.949 0.0018294 4.9645
43.963 2.0597 7.1988
43.97 0.42907 6.5462
44.021 0.0040501 4.0327
44.046 0.16309 4.0038
44.059 0.0041328 7.2104
44.061 0.00037297 3.9297
44.122 1.1763 5.1438
44.157 0.00081485 5.2333
44.202 1.2048 0.54787
44.224 0.00055216 0.086602
44.263 1.8911 1.6495
44.307 0.66446 0.00034432
44.386 0.0030402 2.4129
44.423 0.0022734 7.7659
44.429 1.0908 0.00011877
44.44 0.40753 1.7602
44.468 1.3538 6.9912
44.498 0.0010079 0.26615
44.53 6.6479 0.0037148
44.549 1.1041 7.0059
44.554 2.0761 3.4867
44.573 0.00068984 7.459
44.591 0.00060191 5.9878
44.62 0.0046661 0.0070979
44.637 7.6173e-05 0.0067675
44.639 0.0050806 0.0036022
44.646 1.1722 6.9047
44.647 0.70156 7.3128
44.648 0.00101 6.767
44.651 0.00017383 0.0074349
44.667 0.0011525 0.016506
44.719 0.0021765 8.4435
44.743 0.87092 0.0012895
44.751 0.0036753 2.3513
44.784 0.61452 9.6756e-05
44.831 1.1974 4.1679
44.878 0.25426 3.6027
44.902 0.011927 0.017838
44.959 0.0023916 4.4212
45.033 0.0032417 1.6949
45.083 0.00083007 3.4392
45.13 5.8882 0.00025521
45.143 0.0019417 6.2177
45.192 2.2605 0.74654
45.196 2.4967 5.5619
45.283 2.7305 0.0021938
45.291 1.7179 1.5817
45.532 0.093862 0.33397
45.562 0.53196 0.84175
45.565 0.035665 3.5016
45.598 0.00026932 0.20215
45.604 1.7691 0.02533
45.618 5.0813 0.64504
45.665 1.1102 3.8241
45.696 1.9652 2.4715
45.712 0.031802 4.0848
45.724 0.019564 5.2298
45.741 1.2651 1.3239
45.776 0.001814 0.80333
45.799 1.8678 0.00029458
45.803 188.81 255.03
45.823 0.026605 2.2365
45.826 0.0020109 0.0015817
45.834 0.080669 0.066469
45.84 0.00093506 0.027684
45.874 0.41666 0.069107
45.884 0.0004917 0.018936
45.884 0.008136 0.020659
45.898 4.9922 0.00094021
45.981 0.010775 7.9573
46.023 0.0021224 1.7875
46.034 0.003914 0.02928
46.073 6.0932 7.1127
46.225 5.0361 6.3101
46.278 7.5172 1.7903
46.306 0.011305 0.0017777
46.364 0.037188 7.2355
46.372 3.7441 0.0096434
46.442 0.55041 0.011209
46.45 0.0015447 0.032526
46.504 0.0080907 4.6279
46.521 0.042174 0.11742
46.53 0.59233 2.5607
46.551 0.22049 3.4312
46.624 6.5232 1.8456
46.674 0.0077067 3.9805
46.703 0.0007779 0.0072131
46.712 2.5203 5.5501
46.736 4.4268 0.0097497
46.811 0.0061364 6.4676
46.845 1.7574 6.0577
46.878 0.00021367 0.017376
46.888 3.2622 0.011217
46.895 0.009285 1.6885
46.941 0.0012458 6.1259
46.952 2.4945 0.030208
46.959 1.3405 3.5653
47.014 0.0047602 3.855
47.037 0.011965 0.028328
47.053 0.0012818 0.66528
47.062 1.9293 0.023188
47.063 0.56732 0.86337
47.076 0.011941 1.6995
47.091 1.4792 4.0753
47.151 1.7295 1.0208
47.156 0.0011879 0.049539
47.176 0.00034541 0.060748
47.18 0.24265 7.2672
47.194 0.0055189 7.3401
47.199 1.3941 5.9316
47.218 0.0060456 6.978
47.253 5.4494 2.0979
47.265 1.6941 0.88705
47.276 0.68857 0.0015177
47.289 0.010282 0.062387
47.314 0.0031998 0.63329
47.339 0.039205 0.0032692
47.366 0.001069 0.99457
47.434 0.0012746 0.023192
47.467 6.7115 0.0080295
47.488 0.19438 10.255
47.528 0.11065 2.2026
47.579 6.4175 1.0713
47.627 0.10682 1.8934
47.714 3.475 0.010945
47.8 0.00017422 0.019905
47.927 7.0474 1.2054
47.929 0.00079351 0.10957
47.96 6.6541 1.0662
47.961 0.019615 0.0061541
47.977 0.1496 0.051424
47.986 0.27458 0.035532
47.991 0.21218 0.055349
48.041 1.7466 0.024544
48.094 0.001197 0.098092
48.123 0.016485 0.0061661
48.126 0.24336 3.2498
48.142 0.00081308 3.1429
48.157 0.00082958 3.8423
48.159 0.3854 3.3347
48.204 5.0029 0.0019838
48.238 0.010171 0.70985
48.304 6.991 0.94817
48.333 2.6207 0.0054641
48.381 0.015651 2.2856
48.42 0.0044749 0.32319
48.425 1.8484 1.6982
48.461 0.00086068 0.0078167
48.544 0.00022048 0.215
48.556 1.5819 1.702
48.564 0.0088506 2.5207
48.594 0.00047147 0.2039
48.608 0.29118 0.073373
48.611 0.0017358 1.8291
48.65 0.24701 0.087762
48.679 0.010357 1.0344
48.712 5.6543 0.57747
48.784 0.0012781 0.0036692
48.822 0.0001816 0.0042951
48.826 0.45931 0.0028027
48.836 0.55971 0.0035798
48.875 0.064916 0.019184
48.894 4.3843e-05 0.0066851
48.907 3.824 3.8272
48.92 0.59636 0.021715
49.058 0.00084085 0.0083028
49.068 6.2025 0.72094
49.075 0.35881 4.5543
49.088 0.00087579 0.038374
49.103 0.0025871 3.2307
49.115 0.0042146 4.2719
49.138 3.0369 1.5121
49.168 1.1987 0.0050332
49.172 0.00027901 0.010234
49.178 0.00011484 0.037909
49.181 0.79069 0.010347
49.24 2.0529 0.00024481
49.247 0.014279 0.2324
49.317 5.9347 1.7996
49.328 2.9504 0.0022831
49.334 0.0018162 0.035716
49.367 0.21303 0.0095732
49.373 6.4477e-05 0.030466
49.392 0.1523 2.0332
49.402 0.024063 1.9519
49.408 0.21731 0.076417
49.444 0.14306 0.4013
49.466 0.15571 0.019806
49.481 0.0012336 0.04317
49.503 0.0030292 0.078303
49.509 0.00019139 0.00020766
49.531 0.0026619 2.6876
49.567 1.4144 1.5014
49.634 1.3323 1.6313
49.665 4.5191 0.47088
49.689 0.023489 1.7016
49.698 0.028897 3.7986
49.791 0.90187 4.5622
49.812 0.00016838 0.0052113
49.822 0.47988 0.00024542
49.827 0.47142 4.1234
49.875 0.0039078 4.043
49.916 4.839 0.6584
49.929 0.54233 0.00013981
50.004 0.00020027 0.0010375
50.073 0.0074715 1.6498
50.074 3.4142 0.64817
50.093 0.0035211 0.87199
50.107 3.6381 1.924
50.179 0.00061024 0.0018033
50.183 1.8289 0.00015226
50.21 2.9413 0.00017245
50.232 0.042776 5.1916
50.304 0.040623 1.3039
50.315 0.0036739 0.00054504
50.37 1.1065 3.5822
50.429 0.010241 4.1743
50.441 0.20173 0.72764
50.447 0.54186 4.0569
50.465 0.91557 1.316
50.479 0.30403 2.2122
50.542 0.85321 1.5978
50.638 4.1614 0.14937
50.66 0.0068815 0.19523
50.666 0.0039939 2.1638
50.809 3.4049 0.48147
50.833 9.4465e-05 0.30926
50.866 0.00012835 0.00041002
50.872 2.1171e-06 0.0012465
50.878 0.0055572 3.3963
50.899 0.0014523 3.2727
50.923 1.2274 2.201
50.924 0.009687 2.6489
50.929 1.6294 1.1941
50.95 1.4758 2.8079
50.979 0.40072 0.00015618
50.981 0.78458 2.5268
51.007 0.00015646 0.00041112
51.038 1.6141 3.743
51.043 0.0023295 0.98429
51.043 0.0012169 0.00058663
51.049 0.0021493 0.00058595
51.091 0.0055852 1.8461
51.097 0.4979 7.8834e-05
51.102 1.9395e-06 0.00054261
51.132 0.60288 8.9039e-05
51.138 0.11037 0.00012138
51.149 2.8574e-05 0.00025994
51.159 0.47148 1.0169
51.166 0.00023367 0.00019462
51.21 0.02095 2.8804
51.211 0.0017601 0.0004245
51.211 1.0001 4.551
51.253 0.022723 1.4622
51.255 0.073891 2.2155
51.288 0.24548 0.00017109
51.296 0.59958 1.506
51.298 0.00055435 0.65822
51.318 0.00065715 4.7142
51.338 0.027775 0.53854
51.426 0.0022422 1.0373
51.427 0.00070658 1.007
51.429 0.00051441 0.43194
51.435 0.1192 0.40536
51.457 0.32249 1.0282
51.462 0.00041359 0.00039242
51.477 2.4151 0.63384
51.508 0.29557 0.37597
51.531 0.020033 0.23617
51.55 0.54811 0.88417
51.551 2.3438 0.15591
51.565 0.00014668 1.3902
51.568 0.15557 1.0646
51.598 0.0091265 1.9138
51.601 1.5752 78.46
51.623 0.75671 0.63886
51.639 0.0082036 0.31875
51.653 0.0018848 1.2353
51.739 0.0026758 0.094733
51.764 0.00018256 0.0002802
51.78 0.62643 1.7023
51.842 0.0015085 0.65715
51.842 0.47917 1.7202
51.85 0.1132 0.19923
51.855 0.010678 1.8301
51.87 0.0025368 0.51165
51.92 1.2808 0.0028221
51.921 1.2579 0.054731
51.93 0.73524 0.48744
51.951 0.0018766 0.64068
51.955 0.00054142 0.05255
51.963 0.038117 0.00055905
51.968 0.11627 0.68759
51.974 0.092187 0.67812
51.975 0.12649 0.00014697
51.975 0.0029695 0.37416
51.976 1.2557e-05 4.4544e-05
51.976 0.0017387 0.24917
51.983 0.048551 0.0006415
51.989 0.16436 0.38917
51.995 0.89923 0.00014187
52.003 0.62975 4.6602e-05
52.015 0.0010468 0.6513
52.016 1.714e-05 1.1402e-05
52.017 0.16923 0.00014772
52.039 0.0007929 0.46297
52.04 7.672e-05 2.5949e-05
52.044 4.8283e-05 0.00017123
52.061 0.00047726 0.22692
52.062 0.19865 0.32272
52.063 0.17927 0.26889
52.072 0.0009523 1.1133
52.076 0.68574 1.1498
52.113 0.004788 0.69361
52.136 0.00013411 0.079357
52.136 0.0012231 4.016e-05
52.143 4.2237e-07 0.00010644
52.153 0.0012332 3.2e-05
52.158 4.64e-07 0.00013087
52.165 0.00083134 0.028499
52.203 0.00037792 0.54809
52.204 1.0246 1.4323
52.208 0.08441 0.043014
52.233 0.090707 0.43523
52.235 0.0013837 0.46738
52.236 0.33725 0.62921
52.251 0.0004567 0.04678
52.252 0.00032483 0.50222
52.253 0.10563 0.25822
52.255 1.0224 0.00018166
52.257 0.41651 0.45701
52.266 0.003085 1.924
52.266 0.1031 0.027347
52.278 0.32331 0.57604
52.282 0.0019881 0.19716
52.288 1.1183 0.00010165
52.288 0.0017515 0.0082999
52.31 0.075073 0.11952
52.31 0.09088 0.28299
52.327 0.0015573 0.00070989
52.341 0.49622 0.00013792
52.352 1.84e-05 0.058832
52.356 0.25131 0.57534
52.357 0.00061102 0.52399
52.358 0.25627 0.40116
52.369 0.00022849 0.12815
52.371 0.0043473 0.27964
52.374 0.00061647 0.0001412
52.378 0.39056 0.0029391
52.388 0.00069764 0.015642
52.389 7.2927e-05 0.5714
52.395 0.31564 0.002388
52.397 0.23969 0.4702
52.429 0.0073294 0.061765
52.432 0.22401 0.071201
52.435 0.57862 0.00046543
52.457 0.18344 0.28083
52.492 0.0016328 0.026386
52.492 0.21368 0.39163
52.497 9.33e-05 0.00024882
52.503 0.24933 0.00017756
52.504 6.6966e-05 0.0017685
52.515 0.26953 9.8925e-05
52.52 0.00066506 0.21593
52.526 0.00023031 1.8812
52.554 0.00097247 0.16638
52.555 0.0017143 0.88195
52.561 0.013958 0.98208
52.562 0.0001385 1.1687e-05
52.57 0.29227 1.7706
52.582 0.00014398 0.0050985
52.586 0.14643 0.014543
52.588 0.01151 0.94151
52.597 0.031561 0.59747
52.6 0.054935 0.55649
52.603 8.314e-05 0.67886
52.61 0.00039444 0.78012
52.61 0.0017958 0.99225
52.611 0.0050944 0.36327
52.615 0.2976 0.00013072
52.617 0.00041529 0.011541
52.617 0.0001699 0.20617
52.621 0.064457 0.0019719
52.622 8.3129e-05 5.8985e-05
52.622 0.36895 1.6391
52.626 0.36334 0.0014505
52.629 0.00045092 0.30184
52.632 3.2776e-05 0.00045865
52.634 0.19916 0.54355
52.635 0.00042242 0.53312
52.639 0.23408 0.00010698
52.641 0.00011741 1.6477
52.648 0.00010031 0.00018286
52.651 0.010267 0.0019034
52.657 1.8301e-05 0.00074538
52.657 0.5816 0.14175
52.668 0.022899 0.34756
52.677 0.0022006 0.98107
52.679 0.0003809 0.086353
52.681 0.11269 0.35467
52.682 0.05276 0.010663
52.688 0.0027289 0.26579
52.699 0.057394 0.4889
52.704 0.017964 0.011577
52.704 0.00012473 0.00045655
52.715 0.017409 0.94527
52.715 0.14874 0.18793
52.718 0.00049086 0.52592
52.718 0.0013709 0.061787
52.718 0.067037 0.18255
52.734 0.057562 0.64684
52.734 0.028768 0.32619
52.739 0.0014377 0.29618
52.742 0.163 0.03202
52.743 0.0010667 0.26938
52.744 0.018459 0.013016
52.745 0.01627 0.77253
52.756 0.0020062 0.33215
52.756 0.0096352 0.44892
52.757 2.7969e-05 0.0031618
52.759 0.048506 0.34831
52.759 0.15484 0.52057
52.761 0.013431 0.38501
52.762 0.03506 0.0022934
52.769 9.8109e-05 5.2125e-05
52.77 0.00096112 0.15123
52.77 0.001742 0.017243
52.778 0.049107 0.35369
52.79 0.42071 0.00099511
52.791 0.0001796 0.31251
52.796 0.0024275 0.61186
52.796 0.0029322 0.40325
52.8 0.0018176 0.34551
52.806 0.0020057 0.33392
52.807 0.020124 0.011147
52.812 0.00082748 0.019584
52.812 0.00015219 0.49262
52.815 0.065025 0.094328
52.816 0.066511 0.37633
52.816 0.25836 0.022063
52.82 0.14956 0.46489
52.82 0.086684 0.43531
52.824 0.23583 0.024088
52.828 0.095894 0.0025807
52.834 0.0031657 0.52783
52.839 0.00055777 0.15104
52.84 0.089642 0.15907
52.847 7.1077e-05 0.59126
52.851 0.00067882 0.024652
52.856 0.29574 0.022633
52.859 0.00027874 0.11879
52.864 1.6928e-05 0.016104
52.865 0.0042381 0.20203
52.87 0.12114 0.0055247
52.884 0.087335 0.02409
52.887 0.00090857 0.088255
52.89 0.082008 0.13623
52.893 0.0018119 0.26655
52.896 0.1923 1.7467e-05
52.896 0.03353 0.39197
52.898 0.026187 0.1152
52.906 0.0033958 0.14397
52.906 0.070244 0.0019081
52.909 0.00055323 0.010569
52.909 0.077121 0.15139
52.909 0.0013272 0.011378
52.909 0.19471 0.0010743
52.917 0.11794 0.11427
52.917 0.019836 0.15091
52.919 0.001455 0.0017966
52.919 9.5997e-05 0.065058
52.919 0.88003 0.088074
52.927 0.13252 0.13536
52.928 0.012281 0.4062
52.931 0.00010801 0.16482
52.931 0.16698 0.0010038
52.932 0.0006496 1.1111
52.933 0.1508 0.26731
52.934 0.011448 0.32986
52.937 4.0988e-05 0.00030864
52.939 0.00079114 0.91734
52.943 0.014609 0.12823
52.943 0.16963 0.073257
52.945 0.019307 0.37453
52.947 6.6772e-05 0.041674
52.949 0.020434 0.1237
52.952 0.00394 0.20819
52.952 0.1202 0.99407
52.954 0.0038789 0.08579
52.956 0.23316 0.05185
52.957 0.00041478 0.75447
52.961 0.039843 0.814
52.962 0.099328 0.035536
52.965 0.0011186 0.10239
52.967 0.00017247 0.087818
52.969 0.0037284 0.057575
52.973 2.984e-05 0.0015347
52.973 0.0097287 0.12212
52.975 0.14836 0.93856
52.981 0.047889 0.76196
52.981 0.10315 0.24244
52.981 0.11777 0.20483
52.983 0.064112 0.73415
52.984 0.14296 0.63013
52.986 0.053606 0.75412
52.995 0.0017641 0.83733
52.997 1.8426e-05 0.0083341
52.997 1.4547e-05 0.004528
52.998 0.00020477 0.005863
52.999 0.00039575 0.39933
53 3.1363e-05 0.010078
53 0.0097422 0.0038335
53 1.0094e-05 0.016347
53.003 0.00044794 0.063402
53.003 0.00064781 0.29575
53.003 0.058845 0.00071123
53.004 0.00024193 0.0049536
53.006 1.8613e-05 0.0044077
53.006 0.0016147 0.34647
53.006 0.00037905 0.72941
53.012 0.097214 0.62507
53.014 0.0012309 0.66841
53.017 0.00064503 0.18103
53.02 3.6852e-05 0.1215
53.022 0.00092923 0.68963
53.024 0.25365 0.12725
53.025 0.0041961 0.14188
53.028 0.014411 0.0045084
53.031 0.00021643 0.60921
53.042 0.012858 0.10467
53.046 5.1805e-06 0.002122
53.058 0.14239 0.016678
53.059 9.7376e-06 0.0037495
53.061 0.073981 0.0040134
53.062 0.068662 0.0056742
53.068 0.041391 0.0013378
53.069 1.1704e-05 0.79255
53.078 0.0029289 0.61001
53.078 0.0010578 0.3896
53.081 0.029509 0.00061038
53.082 0.10565 0.0020495
53.086 0.019044 0.0049799
53.086 1.0045e-05 0.0051711
53.089 141.67 119.19
53.089 0.040997 0.28192
53.091 1.1519e-05 0.0087764
53.094 3.9137e-06 0.0057016
53.095 0.00047134 0.6055
53.097 1.854e-05 0.0060914
53.097 0.0017895 0.057341
53.097 0.054626 0.25431
53.107 0.039592 0.60692
53.109 0.00016905 0.035388
53.112 0.028143 0.00089649
53.116 0.12831 0.0048568
53.119 3.1914e-07 0.03113
53.119 0.021115 0.8115
53.122 0.044411 6.7196e-05
53.122 0.0011469 1.007
53.123 0.020404 0.00060241
53.125 0.00023579 0.23744
53.127 0.026152 3.2267e-05
53.128 0.001165 0.0019035
53.128 0.027354 0.23971
53.131 1.6906e-05 0.00044591
53.132 0.00096481 0.95845
53.133 0.021208 0.74257
53.134 0.034008 0.63308
53.136 9.2908e-06 0.031701
53.136 0.00044417 0.32405
53.138 9.2957e-05 0.2223
53.139 9.4377e-05 0.23406
53.142 0.00038282 0.60268
53.143 0.00083727 0.9418
53.144 0.036113 0.032416
53.145 0.00084428 0.12149
53.146 0.0094331 0.00077784
53.147 0.059837 0.41505
53.151 0.013433 0.00071764
53.152 0.00012904 0.0027543
53.154 2.4228e-06 0.031354
53.154 0.1777 0.24115
53.158 0.00047087 0.0020194
53.166 0.0028588 0.96437
53.167 6.8413e-05 0.0090309
53.169 0.002869 0.59414
53.172 0.00082111 0.44085
53.172 0.01008 0.60059
53.174 0.0010921 0.33063
53.175 0.00054087 0.2914
53.176 0.00071965 0.052115
53.178 0.012951 0.23797
53.178 0.013111 0.63742
53.184 0.15706 0.1098
53.186 0.012162 0.00076641
53.186 5.7425e-06 0.0062136
53.194 2.3788e-05 0.0041311
53.194 6.7961e-05 0.71429
53.194 0.098425 0.0021164
53.194 0.16425 0.21535
53.199 0.13813 0.002868
53.204 0.0081656 0.30944
53.207 4.9595e-05 0.0042164
53.211 0.029221 0.031379
53.214 0.0043175 0.02055
53.216 0.053344 0.44416
53.22 0.18767 0.15814
53.222 0.00016997 0.033592
53.223 0.00055991 0.22047
53.225 4.6895e-06 0.00029495
53.226 0.028092 0.072448
53.23 0.010716 0.022485
53.234 0.0013376 0.24405
53.241 0.02288 0.2673
53.249 0.00067217 0.086617
53.249 0.00013219 0.40558
53.256 0.00019481 0.00052834
53.267 0.10556 0.0012731
53.268 0.0019418 0.00012328
53.272 0.00018835 0.32407
53.287 0.056703 0.00033199
53.289 0.00023532 0.89685
53.29 0.0002931 0.83967
53.291 0.00011409 0.49287
53.291 0.00024032 0.85391
53.293 0.14504 4.5634e-06
53.294 0.00024753 0.87183
53.299 0.00020253 0.022962
53.305 0.1002 0.35895
53.314 8.6243e-05 0.032623
53.32 0.074657 0.44871
53.322 0.0053446 0.40083
53.325 1.5574e-05 0.0044905
53.334 0.1613 0.034849
53.336 0.0038445 0.29767
53.34 0.0066637 19.82
53.344 0.00020101 0.46591
53.345 0.00018026 0.41163
53.345 0.0093415 0.43459
53.346 0.0001622 0.089001
53.347 0.0049274 0.42964
53.349 0.31059 0.37946
53.35 0.41225 0.23281
53.363 0.00014259 0.14862
53.364 0.1785 0.081507
53.373 0.00022599 0.0015647
53.38 0.49511 0.037737
53.392 0.00010712 0.031957
53.392 0.00030511 0.2362
53.398 0.48932 0.054704
53.401 0.2039 0.37031
53.413 0.0085931 0.03823
53.444 0.00033891 0.37879
53.488 0.00097296 0.18018
53.492 0.21982 0.1391
53.492 0.53592 0.2257
53.505 0.0001267 0.40059
53.507 0.6189 0.24436
53.507 0.0044 0.0020049
53.513 0.00086032 0.46286
53.513 0.28699 0.23029
53.515 0.23017 0.37969
53.521 0.0075408 0.31777
53.527 0.40032 0.36647
53.527 0.0041444 0.075841
53.532 0.50664 0.073284
53.538 0.00011895 0.29442
53.541 0.26682 0.045635
53.542 0.4682 0.13532
53.557 1.489e-06 2.7929e-05
53.564 0.54483 0.03413
53.581 0.00085114 0.016909
53.585 1.0329e-05 0.00022534
53.585 1.7873e-06 7.4532e-05
53.594 0.0017955 0.00010584
53.609 0.016791 0.00075054
53.611 0.25472 0.35941
53.613 0.29808 0.12983
53.629 0.0013346 8.7785e-05
53.634 0.35548 0.37578
53.636 0.00019938 0.37523
53.646 0.014786 0.00070369
53.66 0.22189 0.36666
53.673 0.0017949 0.12068
53.686 2.5058e-06 0.00064346
53.693 0.00053256 0.41897
53.695 0.00051409 0.36556
53.701 0.0035849 9.8472e-05
53.713 9.1722e-06 0.00014118
53.715 0.0015016 0.12114
53.721 0.0038758 0.00011189
53.721 0.0026379 0.11564
53.721 0.00045206 0.11671
53.724 3.0805e-06 0.00063819
53.814 1.8309e-05 0.08184
53.826 5.229e-05 5.0355e-07
53.853 0.57291 0.056222
53.855 1.9774e-05 0.15222
53.858 0.058925 0.13522
53.865 0.053812 0.15193
53.876 0.068411 0.032098
53.882 0.067151 0.067354
53.886 2.1268e-05 0.014263
53.893 2.9165e-05 0.1378
53.959 0.21262 0.02014
54.012 3.2025e-06 0.012022
54.015 0.018987 0.016393
54.025 0.31612 0.33984
54.031 0.019694 0.02584
54.033 3.3883e-06 0.030675
54.064 0.00073066 4.433e-07
54.085 4.5165e-07 0.00031855
54.094 0.000715 4.1657e-07
54.097 0.0017327 0.10492
54.111 4.2937e-07 0.00030734
54.144 1.1087e-07 1.18e-05
54.145 0.00016034 7.8336e-08
54.148 1.072e-07 1.1057e-05
54.167 7.6646e-05 0.30762
54.202 0.0003587 5.8938e-05
54.202 0.00015602 7.6908e-08
54.236 0.73863 0.00019185
54.26 0.0017698 0.15236
54.3 3.4499e-05 0.013133
54.385 0.20281 0.22009
54.416 0.83504 0.00022348
54.466 0.62391 0.10552
54.469 0.00035665 3.625e-05
54.646 0.69 0.052285
54.707 0.0002494 7.2845e-05
54.768 0.58614 0.00020605
54.799 0.0025363 0.016747
54.871 0.58315 0.00020918
54.962 0.00026894 3.9697e-06
55.302 0 0.22456
55.317 0 0.22999
55.318 2.8273e-06 0.22351
55.323 2.7918e-06 0.22078
55.394 0 0.00026199
55.395 4.251e-08 0.37693
55.4 4.3912e-08 0.38927
55.422 2.0793e-08 0
55.431 0 0.39414
55.437 0 0.36033
55.444 0 0.00026909
55.483 2.1416e-08 0
55.664 0 0.00012972
55.736 0 0
55.744 0 0
55.763 0 0.18461
55.766 0 0.00012106
55.794 0 0.19178
55.805 0 0.1942
55.813 0 0.19006
55.818 0 5.7085e-05
55.825 0 5.2379e-05
55.83 0 0.038524
55.847 0 0.038234
55.861 0 0.038677
55.871 2.2583e-08 0.017997
55.873 0 0.039835
55.876 0 0.016756
55.883 2.2578e-08 0.017962
55.894 0 0.017974
55.895 0 0
55.895 0 0
55.931 4.4981e-08 0.11854
55.941 4.5394e-08 0.11966
55.957 0 0.11284
55.969 0 0.12127
56.458 0 0.028102
56.472 0 0.028664
56.484 0 0.028364
56.493 0 0.028162
56.526 0 0.038286
56.539 0 2.1028e-05
56.541 0 0.036376
56.546 0 0.03686
56.549 0 2.1525e-05
56.566 0 0
56.567 0 0
56.567 0 0.037063
61.874 0 0.0049515
61.89 0 0.0030008
61.91 0 3.2664e-06
61.91 0 0.0028038
61.92 0 0.0029415
61.928 0 3.3424e-06
61.933 0 0
61.953 0 0.0048944
61.955 0 0
61.971 0 0.0047144
61.991 0 0.0047871
62.004 0 0.0029337
62.187 0 2.6054e-05
62.245 0 0.037917
62.246 0 0.023929
62.285 0 0.022854
62.286 0 0.022651
62.308 0 2.49e-05
62.314 0 0.022442
62.317 0 0.037309
62.338 0 0
62.339 0 0.036326
62.343 0 0.033993
62.431 0 0
